1.
0.9999998862201945
0.9999995573100463
0.9999990091313815
0.9999982416878556
0.9999972549895554
0.9999960490481855
0.9999946238739653
0.9999929794859347
0.9999911159015648
0.9999890331392053
0.999986731225724
0.999984210184394
0.9999814700198572
0.9999785107458958
0.9999753324131108
0.9999719350723467
0.9999683187744479
0.999964483570259
0.9999604295106245
0.9999561566463887
0.9999516650283963
0.9999469547074916
0.9999420257345192
0.9999368781603235
0.999931512035749
0.9999259274116403
0.9999201243388418
0.9999141028681979
0.9999078630505532
0.9999014049367522
0.9998947285777874
0.9998878340409422
0.9998807214219659
0.9998733908193559
0.9998658423316094
0.9998580760572234
0.9998500920946952
0.999841890542522
0.9998334714992011
0.9998248350632295
0.9998159813331045
0.9998069104073232
0.9997976223843829
0.9997881173627806
0.9997783954410138
0.9997684567175794
0.9997583012909748
0.9997479292596971
0.9997373407222435
0.9997265357759669
0.9997155145412084
0.9997042771593128
0.9996928237718884
0.999681154520544
0.9996692695468881
0.9996571689925293
0.9996448529990762
0.9996323217081375
0.9996195752613217
0.9996066138002373
0.9995934374664931
0.9995800464016975
0.9995664407474593
0.9995526206453869
0.9995385862370889
0.999524337664174
0.9995098750682508
0.9994951985910154
0.9994803083877554
0.9994652046409583
0.9994498875362959
0.9994343572594397
0.9994186139960614
0.9994026579318326
0.9993864892524248
0.9993701081435097
0.9993535147907588
0.999336709379844
0.9993196920964368
0.9993024631262086
0.9992850226548312
0.9992673708679762
0.9992495079513153
0.99923143409052
0.9992131494712618
0.9991946542792125
0.9991759487022702
0.9991570329536745
0.9991379072622414
0.9991185718569906
0.9990990269669423
0.9990792728211165
0.9990593096485332
0.9990391376782122
0.9990187571391737
0.9989981682604374
0.9989773712710237
0.9989563663999522
0.9989351538762432
0.9989137339289165
0.9988921067869921
0.9988702726794901
0.9988482318354304
0.998825984483833
0.998803530851199
0.9987808711050418
0.9987580054895284
0.9987349342897256
0.9987116577906996
0.9986881762775168
0.9986644900352439
0.9986405993489472
0.9986165045036932
0.9985922057845483
0.9985677034765791
0.9985429978648518
0.998518089234433
0.9984929778703892
0.9984676640577866
0.9984421480816921
0.9984164302271717
0.9983905107792922
0.9983643900231198
0.9983380682437211
0.9983115457261625
0.9982848227555104
0.9982578996168314
0.9982307765951919
0.9982034539756582
0.998175932043297
0.9981482110831746
0.9981202913803574
0.9980921732199121
0.9980638568869048
0.9980353426664023
0.9980066308467727
0.9979777217548104
0.9979486157418483
0.997919313159597
0.9978898143597668
0.9978601196940682
0.9978302295142116
0.9978001441719077
0.9977698640188666
0.997739389406799
0.9977087206874152
0.9976778582124259
0.9976468023335413
0.9976155534024721
0.9975841117709284
0.9975524777906211
0.9975206518132603
0.9974886341905567
0.9974564252742205
0.9974240254159623
0.9973914349674927
0.997358654280522
0.9973256837067606
0.997292523597919
0.9972591743057078
0.9972256361818372
0.997191909578018
0.9971579948459602
0.9971238923373748
0.9970896024039718
0.9970551253974693
0.9970204616853733
0.9969856116768178
0.9969505757870104
0.9969153544311584
0.9968799480244697
0.9968443569821516
0.9968085817194116
0.9967726226514574
0.9967364801934965
0.9967001547607364
0.9966636467683846
0.9966269566316487
0.9965900847657362
0.9965530315858547
0.9965157975072118
0.9964783829450149
0.9964407883144716
0.9964030140307895
0.996365060509176
0.9963269281648387
0.9962886174129851
0.9962501286688229
0.9962114623475595
0.9961726188644026
0.9961335986345595
0.9960944020732379
0.9960550295956453
0.9960154816169893
0.9959757585524772
0.9959358608173169
0.9958957888282475
0.9958555430323162
0.9958151239030713
0.9957745319148198
0.9957337675418685
0.9956928312585244
0.9956517235390941
0.9956104448578847
0.995568995689203
0.9955273765073557
0.9954855877866498
0.9954436300013921
0.9954015036258894
0.9953592091344488
0.9953167470013768
0.9952741177009805
0.9952313217075667
0.9951883594954422
0.9951452315389139
0.9951019383122887
0.9950584802898733
0.9950148579459747
0.9949710717548997
0.9949271221909552
0.994883009728448
0.9948387348416851
0.994794298004973
0.994749699692619
0.9947049403789295
0.9946600205382118
0.9946149406447724
0.9945697011813489
0.9945243026673605
0.9944787456312479
0.9944330306014212
0.9943871581062902
0.9943411286742648
0.9942949428337551
0.9942486011131708
0.9942021040409221
0.9941554521454189
0.9941086459550711
0.9940616859982886
0.9940145728034814
0.9939673068990594
0.9939198888134327
0.9938723190750112
0.9938245982122046
0.9937767267534232
0.9937287052270768
0.9936805341615752
0.9936322140853286
0.9935837455267469
0.9935351290142399
0.9934863650762176
0.9934374542410901
0.9933883970372671
0.9933391939931587
0.9932898456371749
0.9932403524977256
0.9931907151032207
0.9931409339826023
0.9930910096866419
0.9930409427914473
0.9929907338740539
0.9929403835114975
0.9928898922808137
0.9928392607590381
0.9927884895232062
0.9927375791503537
0.9926865302175162
0.9926353433017292
0.9925840189800285
0.9925325578294495
0.9924809604270279
0.9924292273497994
0.9923773591747995
0.9923253564790638
0.992273219839628
0.9922209498335276
0.9921685470377982
0.9921160120294754
0.9920633453855949
0.9920105476831923
0.9919576194993032
0.9919045614109631
0.9918513739952076
0.9917980578290725
0.9917446134895933
0.9916910415538055
0.9916373425987448
0.9915835172014469
0.9915295659223198
0.99147548931567
0.9914212880047643
0.9913669626164126
0.9913125137774249
0.9912579421146112
0.9912032482547811
0.9911484328247449
0.9910934964513123
0.9910384397612932
0.9909832633814978
0.9909279679387357
0.990872554059817
0.9908170223715516
0.9907613735007492
0.99070560807422
0.9906497267187739
0.9905937300612208
0.9905376187283704
0.990481393347033
0.9904250545440182
0.990368602946136
0.9903120391801965
0.9902553638730094
0.9901985776513847
0.9901416811421324
0.9900846749720623
0.9900275597679844
0.9899703361567086
0.9899130047650447
0.9898555662198029
0.9897980211477929
0.9897403701758247
0.9896826139307082
0.9896247530392533
0.9895667881282699
0.9895087198245681
0.9894505487549576
0.9893922755462485
0.9893339008252506
0.9892754252187739
0.9892168493536282
0.9891581738694649
0.9890993994495527
0.9890405267677778
0.9889815564968305
0.9889224893094014
0.9888633258781812
0.9888040668758601
0.988744712975129
0.9886852648486781
0.9886257231691982
0.9885660886093797
0.9885063618419131
0.9884465435394889
0.9883866343747978
0.9883266350205301
0.9882665461493766
0.9882063684340275
0.9881461025471736
0.9880857491615054
0.9880253089497133
0.9879647825844879
0.9879041707385197
0.9878434740844992
0.9877826932951171
0.9877218290430637
0.9876608820010297
0.9875998528417056
0.9875387422377818
0.987477550861949
0.9874162793868976
0.9873549284853181
0.9872934988299013
0.9872319910933374
0.9871704059483171
0.9871087440675309
0.9870470061236692
0.9869851927894229
0.986923304737482
0.9868613426405375
0.9867993071712796
0.9867371990023991
0.9866750188065864
0.9866127672715339
0.9865504451232675
0.986488053068971
0.9864255918145487
0.9863630620659043
0.9863004645289422
0.9862377999095663
0.9861750689136808
0.9861122722471897
0.986049410615997
0.985986484726007
0.9859234952831237
0.9858604429932512
0.9857973285622934
0.9857341526961545
0.9856709161007388
0.98560761948195
0.9855442635456924
0.98548084899787
0.985417376544387
0.9853538468911474
0.9852902607440552
0.9852266188090146
0.9851629217919298
0.9850991703987045
0.9850353653352432
0.9849715073074498
0.9849075970212282
0.9848436351824827
0.9847796224971175
0.9847155596710364
0.9846514474101435
0.9845872864203432
0.9845230774075393
0.9844588210776358
0.9843945181365371
0.984330169290147
0.9842657752443698
0.9842013367051095
0.98413685437827
0.9840723289697556
0.9840077611854703
0.9839431517456048
0.9838785013982676
0.9838138108697293
0.9837490808852226
0.9836843121699801
0.9836195054492343
0.983554661448218
0.9834897808921639
0.9834248645063044
0.9833599130158724
0.9832949271461005
0.9832299076222212
0.9831648551694673
0.9830997705130714
0.9830346543782661
0.9829695074902841
0.9829043305743581
0.9828391243557206
0.9827738895596044
0.9827086269112421
0.9826433371358663
0.9825780209587097
0.9825126791050048
0.9824473122999846
0.9823819212688814
0.9823165067369279
0.9822510694293569
0.9821856100714009
0.9821201293882927
0.9820546281052648
0.9819891069475499
0.9819235666403807
0.9818580079089898
0.9817924314786098
0.9817268380744735
0.9816612284218134
0.9815956032458621
0.9815299632718525
0.9814643092250169
0.9813986418305883
0.9813329618137991
0.9812672698998821
0.981201566827891
0.9811358533545557
0.9810701302111109
0.9810043981279383
0.9809386578354193
0.9808729100639358
0.9808071555438694
0.9807413950056016
0.9806756291795142
0.9806098587959886
0.9805440845854067
0.9804783072781499
0.9804125276046
0.9803467462951385
0.9802809640801472
0.9802151816900075
0.9801493998551013
0.98008361930581
0.9800178407725154
0.9799520649855992
0.9798862926754427
0.9798205245724279
0.9797547614069362
0.9796890039093492
0.9796232528100488
0.9795575088394165
0.9794917727278338
0.9794260452056824
0.9793603270033442
0.9792946188512004
0.9792289214796329
0.9791632356190234
0.9790975619997533
0.9790319013522044
0.9789662544067582
0.9789006218937965
0.9788350045437008
0.9787694030868528
0.9787038182536342
0.9786382507744263
0.9785727013796113
0.9785071707995703
0.9784416597778663
0.9783761690651773
0.9783106993833858
0.9782452514536923
0.9781798259972974
0.9781144237354015
0.9780490453892049
0.9779836916799082
0.977918363328712
0.9778530610568165
0.9777877855854221
0.9777225376357297
0.9776573179289393
0.9775921271862517
0.977526966128867
0.977461835477986
0.977396735954809
0.9773316682805365
0.9772666331763689
0.9772016313635067
0.9771366635631504
0.9770717304965004
0.9770068328847572
0.9769419714491212
0.976877146910793
0.9768123599909728
0.9767476114108613
0.9766829018916589
0.976618232154566
0.9765536029207831
0.9764890149115106
0.9764244688479491
0.9763599654512989
0.9762955054427606
0.9762310895435345
0.9761667184748213
0.9761023929578212
0.9760381137137348
0.9759738814637625
0.9759096969291049
0.9758455608309622
0.9757814738905352
0.9757174368412869
0.9756534504131005
0.9755895153044494
0.9755256322132845
0.9754618018375566
0.9753980248752167
0.9753343020242156
0.9752706339825042
0.9752070214480334
0.975143465118754
0.9750799656926171
0.9750165238675733
0.9749531403415737
0.9748898158125691
0.9748265509785102
0.9747633465373481
0.9747002031870337
0.9746371216255177
0.9745741025507512
0.9745111466606848
0.9744482546532697
0.9743854272264566
0.9743226650781963
0.9742599689064398
0.9741973394091381
0.9741347772842418
0.974072283229702
0.9740098579434694
0.973947502123495
0.9738852164677297
0.9738230016741243
0.9737608584406298
0.9736987874651969
0.9736367894457766
0.9735748650803198
0.9735130150667773
0.9734512401031
0.9733895408872388
0.9733279181171446
0.9732663724907682
0.9732049047060606
0.9731435154609726
0.9730822054860365
0.9730209755092176
0.9729598261885953
0.9728987581813359
0.9728377721446055
0.9727768687355705
0.9727160486113969
0.9726553124292511
0.9725946608462991
0.9725340945197073
0.9724736141066419
0.972413220264269
0.9723529136497548
0.9722926949202657
0.9722325647329678
0.9721725237450273
0.9721125726136104
0.9720527119958833
0.9719929425490123
0.9719332649301635
0.9718736797965032
0.9718141878051976
0.9717547896134129
0.9716954858783153
0.971636277257071
0.9715771644068463
0.9715181479848073
0.9714592286481202
0.9714004070539514
0.9713416838594668
0.9712830597218329
0.971224535298216
0.9711661112457819
0.9711077882216971
0.9710495668831276
0.9709914478872399
0.9709334318912001
0.9708755195521743
0.9708177115273289
0.9707600084738299
0.9707024110488436
0.9706449199095363
0.9705875357130741
0.9705302591166234
0.9704730907773501
0.9704160313524206
0.9703590814990012
0.970302241874258
0.9702455131353571
0.9701888959537304
0.9701323909810844
0.9700759988150439
0.970019720052167
0.9699635552890112
0.9699075051221347
0.9698515701480953
0.9697957509634508
0.9697400481647593
0.9696844623485785
0.9696289941114663
0.9695736440499807
0.9695184127606795
0.9694633008401206
0.969408308884862
0.9693534374914613
0.9692986872564767
0.969244058776466
0.969189552647987
0.9691351694675977
0.969080909831856
0.9690267743373197
0.9689727635805466
0.9689188781580949
0.9688651186665221
0.9688114857023864
0.9687579798622455
0.9687046017426575
0.9686513519401801
0.9685982310513713
0.9685452396727888
0.9684923784009908
0.9684396478325349
0.9683870485639792
0.9683345811918813
0.9682822463127995
0.9682300445232913
0.9681779764199149
0.9681260425992281
0.9680742436577886
0.9680225801921545
0.9679710527988835
0.9679196620745337
0.967868408615663
0.9678172930188291
0.96776631588059
0.9677154777975036
0.9676647793661277
0.9676142211830202
0.9675638038545181
0.9675135279599351
0.9674633940208814
0.9674134025573694
0.967363554089411
0.9673138491370182
0.9672642882202034
0.9672148718589784
0.9671656005733554
0.9671164748833464
0.9670674953089636
0.967018662370219
0.9669699765871247
0.9669214384796929
0.9668730485679354
0.9668248073718646
0.9667767154114925
0.966728773206831
0.9666809812778924
0.9666333401446886
0.9665858503272319
0.9665385123455342
0.9664913267196077
0.9664442939694644
0.9663974146151164
0.9663506891765758
0.9663041181738549
0.9662577021269654
0.9662114415559195
0.9661653369807294
0.9661193889214071
0.9660735978979649
0.9660279644304145
0.9659824890387683
0.9659371722430382
0.9658920145632364
0.9658470165193748
0.9658021786314658
0.9657575014195212
0.9657129854035532
0.9656686311035738
0.9656244390395953
0.9655804097316295
0.9655365436996888
0.965492841463785
0.9654493035439303
0.9654059304601368
0.9653627227324165
0.9653196808807816
0.9652768054313391
0.9652340968762897
0.9651915556473918
0.9651491821742573
0.9651069768864983
0.9650649402137268
0.965023072585555
0.9649813744315948
0.9649398461814583
0.9648984882647575
0.9648573011111046
0.9648162851501113
0.96477544081139
0.9647347685245525
0.964694268719211
0.9646539418249775
0.964613788271464
0.9645738084882827
0.9645340029050453
0.9644943719513642
0.9644549160568513
0.9644156356511185
0.9643765311637782
0.964337603024442
0.9642988516627223
0.9642602775082311
0.9642218809905803
0.9641836625393819
0.9641456225842481
0.9641077615547909
0.9640700798806223
0.9640325779913544
0.9639952563165993
0.9639581152859689
0.9639211553290753
0.9638843768755305
0.9638477803549467
0.9638113661969356
0.9637751348311097
0.9637390866870807
0.9637032221944609
0.9636675417828621
0.9636320458818964
0.963596734921176
0.9635616093303128
0.9635266695389189
0.9634919159766062
0.963457349072987
0.9634229692576731
0.9633887769633297
0.9633547725821792
0.9633209564445842
0.9632873288782874
0.9632538902110318
0.9632206407705602
0.9631875808846156
0.9631547108809407
0.9631220310872786
0.9630895418313717
0.9630572434409634
0.9630251362437962
0.962993220567613
0.9629614967401569
0.9629299650891704
0.9628986259423966
0.9628674796275783
0.9628365264724584
0.9628057668047797
0.9627752009522851
0.9627448292427174
0.9627146520038196
0.9626846695633344
0.9626548822490048
0.9626252903885735
0.9625958943097834
0.9625666943403776
0.9625376908080986
0.9625088840406895
0.962480274365893
0.9624518621114521
0.9624236476051096
0.9623956311746084
0.9623678131476913
0.9623401938521011
0.9623127736155809
0.9622855527658734
0.9622585316307214
0.9622317105378678
0.9622050898150556
0.9621786697900274
0.9621524507905264
0.962126433144295
0.9621006171790766
0.9620750032226136
0.9620495916026491
0.9620243826469259
0.9619993766831869
0.961974574039175
0.9619499750433532
0.9619255799779068
0.9619013890629222
0.9618774025155382
0.9618536205528936
0.9618300433921274
0.9618066712503784
0.9617835043447854
0.9617605428924875
0.9617377871106233
0.9617152372163318
0.9616928934267519
0.9616707559590224
0.9616488250302823
0.9616271008576702
0.9616055836583253
0.9615842736493863
0.9615631710479919
0.9615422760712814
0.9615215889363933
0.9615011098604666
0.9614808390606401
0.9614607767540528
0.9614409231578436
0.9614212784891512
0.9614018429651144
0.9613826168028724
0.9613636002195639
0.9613447934323277
0.9613261966583028
0.9613078101146278
0.9612896340184419
0.9612716685868838
0.9612539140370926
0.9612363705862068
0.9612190384513655
0.9612019178497074
0.9611850089983717
0.9611683121144969
0.9611518274152221
0.9611355551176861
0.9611194954390279
0.9611036485963861
0.9610880148068998
0.9610725942877076
0.9610573872559487
0.9610423939287618
0.9610276145232859
0.9610130492566596
0.9609986983450305
0.9609845619531773
0.9609706401848644
0.9609569331408316
0.9609434409218185
0.9609301636285648
0.9609171013618101
0.9609042542222943
0.960891622310757
0.9608792057279378
0.9608670045745765
0.9608550189514129
0.9608432489591865
0.960831694698637
0.9608203562705044
0.9608092337755281
0.9607983273144478
0.9607876369880034
0.9607771628969344
0.9607669051419806
0.9607568638238817
0.9607470390433773
0.9607374309012072
0.9607280394981111
0.9607188649348287
0.9607099073120997
0.9607011667306636
0.9606926432912605
0.9606843370946296
0.9606762482415111
0.9606683768326444
0.9606607229687691
0.9606532867506252
0.9606460682789523
0.9606390676544899
0.9606322849779779
0.960625720350156
0.9606193738717639
0.9606132456435412
0.9606073357662276
0.9606016443405628
0.9605961714672867
0.9605909172471387
0.9605858817808587
0.9605810651691864
0.9605764675128613
0.9605720889126234
0.9605679294692121
0.9605639892833673
0.9605602684537123
0.9605567670233897
0.9605534849768216
0.9605504222956636
0.9605475789615712
0.9605449549561998
0.960542550261205
0.9605403648582423
0.9605383987289671
0.9605366518550349
0.9605351242181012
0.9605338157998216
0.9605327265818513
0.960531856545846
0.9605312056734613
0.9605307739463526
0.9605305613461751
0.9605305678545847
0.9605307934532367
0.9605312381237866
0.9605319018478898
0.960532784607202
0.9605338863833787
0.960535207158075
0.9605367469129468
0.9605385056296495
0.9605404832898384
0.9605426798751692
0.9605450953672973
0.9605477297478782
0.9605505829985673
0.9605536551010203
0.9605569460368926
0.9605604557878396
0.9605641843355167
0.9605681316615797
0.9605722977476839
0.9605766825754848
0.9605812861266378
0.9605861083827987
0.9605911493256226
0.9605964089367653
0.9606018871978821
0.9606075840906285
0.9606134995966601
0.9606196336976324
0.9606259863752007
0.9606325576110205
0.9606393473867476
0.9606463556812933
0.9606535824150174
0.960661027453052
0.9606686906584567
0.9606765718942909
0.9606846710236142
0.9606929879094861
0.960701522414966
0.9607102744031136
0.9607192437369884
0.9607284302796497
0.9607378338941573
0.9607474544435706
0.960757291790949
0.9607673457993522
0.9607776163318397
0.9607881032514709
0.9607988064213053
0.9608097257044026
0.9608208609638222
0.9608322120626237
0.9608437788638664
0.9608555612306101
0.9608675590259141
0.960879772112838
0.9608922003544415
0.9609048436137837
0.9609177017539244
0.9609307746379232
0.9609440621288394
0.9609575640897327
0.9609712803836623
0.9609852108736882
0.9609993554228695
0.9610137138942659
0.9610282861509369
0.9610430720559421
0.9610580714723408
0.9610732842631927
0.9610887102915573
0.961104349420494
0.9611202015130625
0.9611362664323222
0.9611525440413327
0.9611690342031534
0.9611857367808437
0.9612026516374635
0.9612197786360721
0.961237117639729
0.9612546685085377
0.9612724310421319
0.9612904049894861
0.9613085900987169
0.961326986117941
0.9613455927952749
0.9613644098788351
0.9613834371167383
0.9614026742571012
0.9614221210480404
0.9614417772376724
0.9614616425741139
0.9614817168054814
0.9615019996798917
0.9615224909454613
0.9615431903503068
0.9615640976425449
0.9615852125702921
0.961606534881665
0.9616280643247803
0.9616498006477546
0.9616717435987044
0.9616938929257466
0.9617162483769974
0.9617388097005738
0.9617615766445922
0.9617845489571691
0.9618077263864214
0.9618311086804656
0.9618546955874183
0.961878486855396
0.9619024822325155
0.9619266814668932
0.9619510843066459
0.9619756904998902
0.9620004997947426
0.9620255119393197
0.9620507266817383
0.9620761437701149
0.962101762952566
0.9621275839772084
0.9621536065921585
0.9621798305455332
0.9622062555854489
0.9622328814600223
0.9622597079173698
0.9622867347056083
0.9623139615728543
0.9623413882672245
0.9623690145400994
0.9623968401384299
0.9624248647136127
0.962453087900382
0.9624815093334715
0.9625101286476156
0.9625389454775479
0.9625679594580027
0.9625971702237137
0.9626265774094152
0.9626561806498408
0.9626859795797249
0.9627159738338013
0.9627461630468039
0.9627765468534669
0.9628071248885243
0.9628378967867098
0.9628688621827577
0.9629000207114018
0.9629313720073762
0.9629629157054149
0.9629946514402519
0.963026578846621
0.9630586975592564
0.9630910072128921
0.9631235074422619
0.9631561978821
0.9631890781671404
0.9632221479321169
0.9632554068117636
0.9632888544408145
0.9633224904540035
0.9633563144860648
0.9633903261717323
0.9634245251457398
0.9634589110428217
0.9634934834977116
0.9635282421451435
0.9635631866198517
0.9635983165565701
0.9636336315900326
0.9636691313549731
0.9637048154861257
0.9637406836182245
0.9637767353860033
0.9638129704241962
0.9638493883675373
0.9638859888507604
0.9639227715085995
0.9639597359757888
0.963996881887062
0.9640342088771533
0.9640717165807966
0.964109404632726
0.964147272662665
0.9641853202231441
0.9642235468364355
0.9642619520299995
0.9643005353312962
0.9643392962677859
0.9643782343669286
0.9644173491561844
0.9644566401630137
0.9644961069148764
0.9645357489392329
0.9645755657635432
0.9646155569152675
0.9646557219218659
0.9646960603107987
0.964736571609526
0.964777255345508
0.9648181110462046
0.9648591382390764
0.9649003364515832
0.9649417052111854
0.964983244045343
0.9650249524815162
0.9650668300471652
0.9651088762697502
0.9651510906767312
0.9651934727955684
0.9652360221537222
0.9652787382786524
0.9653216206978195
0.9653646689386834
0.9654078825287044
0.9654512609953426
0.9654948038660582
0.9655385106683114
0.9655823809295623
0.9656264141772709
0.9656706099388978
0.9657149677419027
0.9657594871137459
0.9658041675818877
0.9658490086737882
0.9658940099169075
0.9659391708387058
0.9659844909666433
0.96602996982818
0.9660756069507763
0.9661214018618922
0.9661673540889879
0.9662134631595235
0.9662597286009592
0.9663061499407553
0.9663527267063717
0.9663994584252689
0.9664463446184111
0.9664933847270885
0.966540578179312
0.9665879244105176
0.9666354228561403
0.9666830729516162
0.9667308741323806
0.9667788258338691
0.9668269274915174
0.9668751785407611
0.9669235784170358
0.9669721265557769
0.9670208223924202
0.9670696653624011
0.9671186549011553
0.9671677904441185
0.9672170714267262
0.9672664972844138
0.9673160674526172
0.9673657813667718
0.9674156384623132
0.967465638174677
0.9675157799392988
0.9675660631916143
0.9676164873670589
0.9676670519010683
0.9677177562290781
0.9677685997865239
0.9678195820088411
0.9678707023314655
0.9679219601898327
0.9679733550193781
0.9680248862555374
0.9680765533337463
0.9681283556894402
0.9681802927580548
0.9682323639750258
0.9682845687757884
0.9683369065957786
0.9683893768704318
0.9684419790351836
0.9684947125254696
0.9685475767767254
0.9686005712243867
0.9686536953038888
0.9687069484506676
0.9687603301001585
0.9688138396877971
0.9688674766490191
0.96892124041926
0.9689751304339554
0.969029146128541
0.9690832869384521
0.9691375522991247
0.9691919416380486
0.9692464543039093
0.9693010896493444
0.9693558470359974
0.9694107258255124
0.9694657253795331
0.9695208450597033
0.9695760842276667
0.9696314422450674
0.9696869184735488
0.9697425122747552
0.96979822301033
0.9698540500419173
0.9699099927311607
0.9699660504397042
0.9700222225291915
0.9700785083612664
0.9701349072975727
0.9701914186997543
0.970248041929455
0.9703047763483186
0.9703616213179889
0.9704185762001097
0.9704756403563248
0.970532813148278
0.9705900939376133
0.9706474820859742
0.9707049769550048
0.9707625779063487
0.9708202843016499
0.970878095502552
0.970936010870699
0.9709940297677346
0.9710521515553028
0.9711103755950471
0.9711687012486115
0.9712271278776399
0.9712856548437759
0.9713442815086636
0.9714030072339465
0.9714618313812685
0.9715207533122736
0.9715797723886054
0.9716388879719078
0.9716980994238246
0.9717574061059996
0.9718168073800766
0.9718763026076995
0.971935891150512
0.971995572370158
0.9720553456282813
0.9721152102865257
0.972175165706535
0.9722352112499529
0.9722953462691521
0.9723555700419159
0.9724158818667372
0.9724762810520727
0.9725367669063789
0.9725973387381124
0.9726579958557297
0.9727187375676873
0.972779563182442
0.9728404720084501
0.9729014633541684
0.9729625365280533
0.9730236908385616
0.9730849255941495
0.9731462401032739
0.9732076336743911
0.9732691056159579
0.9733306552364308
0.9733922818442663
0.973453984747921
0.9735157632558514
0.9735776166765143
0.9736395443183661
0.9737015454898632
0.9737636194994626
0.9738257656556204
0.9738879832667935
0.9739502716414382
0.9740126300880113
0.9740750579149694
0.9741375544307688
0.9742001189438663
0.9742627507627183
0.9743254491957815
0.9743882135515124
0.9744510431383676
0.9745139372648036
0.9745768952392772
0.9746399163702446
0.9747029999661626
0.9747661453354878
0.9748293517866766
0.9748926186281857
0.9749559451684716
0.9750193307159909
0.9750827745792002
0.975146276066556
0.9752098344865149
0.9752734491475334
0.9753371193580682
0.9754008444265758
0.9754646236615128
0.9755284563713356
0.9755923418645011
0.9756562794390982
0.975720268326119
0.9757843077928285
0.9758483971168295
0.9759125355757244
0.975976722447116
0.9760409570086067
0.9761052385377992
0.9761695663122961
0.9762339396097
0.9762983577076134
0.976362819883639
0.9764273254153795
0.9764918735804373
0.976556463656415
0.9766210949209154
0.9766857666515409
0.9767504781258942
0.9768152286215779
0.9768800174161945
0.9769448437873467
0.977009707012637
0.9770746063696681
0.9771395411360426
0.977204510589363
0.977269514007232
0.9773345506672522
0.9773996198470261
0.9774647208241564
0.9775298528762455
0.9775950152808963
0.9776602073157112
0.9777254282582929
0.9777906773862439
0.9778559539771668
0.9779212573086643
0.9779865866583389
0.9780519413037934
0.9781173205226301
0.9781827235924517
0.9782481497908609
0.9783135983954603
0.9783790686838523
0.9784445599336397
0.978510071422425
0.9785756024278108
0.9786411522273999
0.9787067200987946
0.9787723053195976
0.9788379071674115
0.978903524919839
0.9789691578544826
0.9790348052489449
0.9791004663808286
0.979166140516596
0.9792318268660603
0.9792975246890818
0.9793632332557277
0.979428951836065
0.9794946797001608
0.9795604161180821
0.9796261603598959
0.9796919116956693
0.9797576693954692
0.9798234327293628
0.9798892009674169
0.9799549733796988
0.9800207492362756
0.980086527807214
0.9801523083625812
0.9802180901724442
0.9802838725068701
0.9803496546359259
0.9804154358296787
0.9804812153581955
0.9805469924915433
0.9806127664997891
0.9806785366530001
0.9807443022212431
0.9808100624745854
0.9808758166830938
0.9809415641168354
0.9810073040458773
0.9810730357402865
0.9811387584701301
0.981204471505475
0.9812701741163883
0.9813358655729371
0.9814015451451884
0.9814672121032092
0.9815328657170665
0.9815985052568275
0.981664129992559
0.9817297391943283
0.9817953321322022
0.9818609080762478
0.9819264662965322
0.9819920060631225
0.9820575266460856
0.9821230273154885
0.9821885073413984
0.9822539659938823
0.982319402543007
0.9823848162588399
0.9824502064114478
0.9825155722708977
0.9825809131072568
0.982646228190592
0.9827115167794958
0.9827767780890055
0.9828420113955845
0.9829072159853356
0.9829723911443617
0.9830375361587661
0.9831026503146517
0.9831677328981214
0.9832327831952784
0.9832978004922257
0.9833627840750663
0.9834277332299031
0.9834926472428394
0.9835575253999779
0.9836223669874218
0.983687171291274
0.9837519375976377
0.9838166651926159
0.9838813533623115
0.9839460013928276
0.9840106085702672
0.9840751741807333
0.984139697510329
0.9842041778451572
0.9842686144713212
0.9843330066749236
0.9843973537420677
0.9844616549588565
0.9845259096113931
0.9845901169857803
0.9846542763681212
0.9847183870445189
0.9847824483010763
0.9848464594238966
0.9849104196990827
0.9849743284127376
0.9850381848509644
0.9851019882998661
0.9851657380455456
0.9852294333741062
0.9852930735716507
0.9853566579242822
0.9854201857181037
0.9854836562392183
0.9855470687737288
0.9856104226077385
0.9856737170273502
0.985736951318667
0.9858001247677921
0.9858632366608282
0.9859262862838786
0.9859892729230462
0.9860521958644339
0.9861150543941449
0.9861778477785055
0.986240575223508
0.9863032360428688
0.9863658295647315
0.9864283551172395
0.9864908120285365
0.9865531996267661
0.9866155172400719
0.9866777641965975
0.9867399398244864
0.9868020434518823
0.9868640744069287
0.9869260320177693
0.9869879156125476
0.9870497245194073
0.9871114580664919
0.9871731155819451
0.9872346963939104
0.9872961998305314
0.9873576252199517
0.987418971890315
0.9874802391697648
0.9875414263864447
0.9876025328684982
0.9876635579440691
0.9877245009413008
0.987785361188337
0.9878461380133213
0.9879068307443973
0.9879674387097086
0.9880279612373988
0.9880883976556113
0.9881487472924899
0.9882090094761782
0.9882691835348197
0.9883292687965581
0.9883892645895369
0.9884491702418997
0.9885089850817902
0.9885687084373518
0.9886283396367282
0.9886878780080631
0.9887473228795001
0.9888066735791825
0.9888659294352542
0.9889250897758587
0.9889841539291395
0.9890431212232402
0.9891019909863047
0.9891607625464762
0.9892194352318986
0.9892780083707152
0.9893364812910699
0.989394853321106
0.9894531237889673
0.9895112920227973
0.9895693573507397
0.989627319100938
0.9896851766015359
0.9897429291806767
0.9898005761521473
0.9898581168066883
0.9899155505321792
0.9899728767269369
0.9900300947892788
0.9900872041175222
0.9901442041099837
0.990201094164981
0.990257873680831
0.9903145420558508
0.9903710986883576
0.9904275429766686
0.9904838743191008
0.9905400921139714
0.9905961957595977
0.9906521846542967
0.9907080581963855
0.9907638157841814
0.9908194568160014
0.9908749806901626
0.9909303868049822
0.9909856745587775
0.9910408433498655
0.9910958925765634
0.9911508216371883
0.9912056299300572
0.9912603168534875
0.9913148818057962
0.9913693241853005
0.9914236433903175
0.9914778388191644
0.9915319098701583
0.9915858559416163
0.9916396764318556
0.9916933707391934
0.9917469382619467
0.9918003783984327
0.9918536905469686
0.9919068741058715
0.9919599284734586
0.9920128530480469
0.9920656472279537
0.992118310411496
0.9921708419969911
0.9922232413827561
0.992275507967108
0.9923276411483641
0.9923796403248415
0.9924315048948573
0.9924832342567287
0.9925348278087728
0.9925862849493068
0.9926376050766477
0.9926887875891128
0.9927398318850192
0.9927907373626841
0.9928415034204245
0.9928921294565577
0.9929426148694007
0.9929929590572707
0.9930431614064714
0.9930932213026505
0.9931431382295441
0.993192911679622
0.9932425411453533
0.9932920261192076
0.9933413660936548
0.993390560561164
0.9934396090142049
0.993488510945247
0.9935372658467598
0.9935858732112129
0.9936343325310757
0.9936826432988178
0.9937308050069087
0.993778817147818
0.993826679214015
0.9938743906979695
0.9939219510921509
0.9939693598890286
0.9940166165810722
0.9940637206607513
0.9941106716205355
0.994157468952894
0.9942041121502966
0.9942506007052127
0.9942969341101119
0.9943431118574636
0.9943891334397374
0.9944349983494029
0.9944807060789295
0.9945262561207867
0.9945716479674441
0.9946168811113713
0.9946619550450375
0.9947068692609126
0.9947516232514659
0.994796216509167
0.9948406485264855
0.9948849187958907
0.9949290268098523
0.9949729720608397
0.9950167540413225
0.9950603722437703
0.9951038261606524
0.9951471152844386
0.9951902391075981
0.9952331971226006
0.9952759888219157
0.9953186136980128
0.9953610712433615
0.9954033609504312
0.9954454823116915
0.995487434819612
0.995529217966662
0.9955708312453112
0.9956122741480291
0.9956535461672852
0.995694646795549
0.99573557552529
0.9957763318401932
0.9958169152457608
0.9958573253419655
0.9958975617356469
0.9959376240336448
0.9959775118427989
0.9960172247699489
0.9960567624219344
0.996096124405595
0.9961353103277706
0.9961743197953008
0.9962131524150252
0.9962518077937835
0.9962902855384156
0.996328585255761
0.9963667065526592
0.9964046490359503
0.9964424123124737
0.996479995989069
0.9965173996725762
0.9965546229698348
0.9965916654876845
0.996628526832965
0.996665206612516
0.9967017044331771
0.996738019901788
0.9967741526251885
0.9968101022102183
0.9968458682637169
0.9968814503925241
0.9969168482034796
0.996952061303423
0.996987089299194
0.9970219317976323
0.9970565884055778
0.9970910587298698
0.9971253423773482
0.9971594389548527
0.9971933480692229
0.9972270693272985
0.9972606023359193
0.9972939467019248
0.9973271020321549
0.9973600679334491
0.9973928440126472
0.9974254298765887
0.9974578251321135
0.9974900293860611
0.9975220422452714
0.9975538633165839
0.9975854922068385
0.9976169285228745
0.997648171871532
0.9976792218596504
0.9977100780940695
0.9977407401816291
0.9977712077291687
0.997801480343528
0.9978315576315467
0.9978614392000645
0.9978911246511994
0.9979206136303881
0.9979499058695573
0.9979790011055875
0.9980078990753586
0.9980365995157507
0.9980651021636443
0.9980934067559194
0.998121513029456
0.9981494207211343
0.9981771295678347
0.998204639306437
0.9982319496738216
0.9982590604068685
0.998285971242458
0.9983126819174701
0.9983391921687851
0.998365501733283
0.998391610347844
0.9984175177493483
0.9984432236746761
0.9984687278607074
0.9984940300443225
0.9985191299624014
0.9985440273518245
0.9985687219494715
0.9985932134922231
0.9986175017169591
0.9986415863605598
0.9986654671599052
0.9986891438518756
0.9987126161733512
0.9987358838612118
0.998758946652338
0.9987818042836097
0.9988044564919072
0.9988269030141105
0.9988491435870998
0.9988711779477552
0.9988930058329569
0.9989146269795852
0.9989360411245201
0.9989572480046417
0.9989782473568302
0.9989990389179658
0.9990196224249287
0.9990399976145989
0.9990601642238567
0.9990801219895821
0.9990998706486554
0.9991194099379567
0.999138739594366
0.9991578593547638
0.9991767689560299
0.9991954681350446
0.9992139566286881
0.9992322341738404
0.9992503005073818
0.9992681553661924
0.9992857984871524
0.9993032296071854
0.9993204485259382
0.999337455117705
0.9993542492598857
0.99937083082988
0.9993871997050875
0.999403355762908
0.9994192988807411
0.9994350289359867
0.9994505458060444
0.9994658493683141
0.9994809395001951
0.9994958160790876
0.9995104789823909
0.999524928087505
0.9995391632718296
0.9995531844127642
0.9995669913877087
0.9995805840740628
0.9995939623492262
0.9996071260905985
0.9996200751755796
0.9996328094815692
0.9996453288859669
0.9996576332661724
0.9996697224995856
0.9996815964636061
0.9996932550356336
0.9997046980930677
0.9997159255133083
0.9997269371737552
0.9997377329518079
0.9997483127248662
0.9997586763703298
0.9997688237655985
0.9997787547880719
0.9997884693151498
0.9997979672242318
0.9998072483927177
0.9998163126980072
0.9998251600175001
0.999833790228596
0.9998422032086947
0.9998503988351959
0.9998583769854992
0.9998661375370045
0.9998736803671113
0.9998810053532196
0.9998881123727288
0.9998950013030389
0.9999016720215494
0.9999081244056602
0.9999143583327709
0.9999203736802812
0.9999261703255908
0.9999317481460995
0.999937107019207
0.9999422468223131
0.9999471674328173
0.9999518687281195
0.9999563505909778
0.9999606129832501
0.9999646559263359
0.9999684794430438
0.999972083556183
0.9999754682885623
0.9999786336629907
0.9999815797022771
0.9999843064292304
0.9999868138666596
0.9999891020373736
0.9999911709641812
0.9999930206698916
0.9999946511773136
0.9999960625092561
0.9999972546885281
0.9999982277379384
0.9999989816802961
0.9999995165384101
0.9999998323350893
0.9999999290931425
0.9999998068353789
0.9999994655846073
0.9999989053636366
0.9999981261952757
0.9999971281023337
0.9999959111076193
0.9999944752339416
0.9999928205041095
0.999990946940932
0.9999888545672179
0.9999865434057762
0.9999840134794159
0.9999812648109457
0.9999782974231749
0.999975111338912
0.9999717065809663
0.9999680831721466
0.9999642411352618
0.9999601804931209
0.9999559012685327
0.9999514034843063
0.9999466871632505
0.9999417523281744
0.9999365990018867
0.9999312272071965
0.9999256369669127
0.9999198283038443
0.9999138012408001
0.999907555800589
0.9999010920060202
0.9998944098799023
0.9998875094450445
0.9998803907242555
0.9998730537403444
0.9998654985161202
0.9998577250743916
0.9998497334379677
0.9998415236296574
0.9998330956722695
0.9998244495996054
0.9998155855370282
0.9998065036519022
0.9997972041115324
0.9997876870832241
0.9997779527342823
0.9997680012320123
0.9997578327437191
0.9997474474367081
0.9997368454782842
0.9997260270357528
0.9997149922764189
0.9997037413675877
0.9996922744765644
0.999680591770654
0.9996686934171619
0.999656579583393
0.9996442504366527
0.9996317061442461
0.9996189468734783
0.9996059727916544
0.9995927840660798
0.9995793808640593
0.9995657633528983
0.999551931699902
0.9995378860723754
0.9995236266376237
0.9995091535629521
0.9994944670156658
0.99947956716307
0.9994644541724695
0.9994491282111699
0.9994335894464762
0.9994178380456936
0.9994018741761271
0.999385698005082
0.9993693096998634
0.9993527094277765
0.9993358973561265
0.9993188736522184
0.9993016384833575
0.9992841920168489
0.9992665344199979
0.9992486658601094
0.9992305865044887
0.9992122965204411
0.9991937960752715
0.9991750853362852
0.9991561644707874
0.9991370336460831
0.9991176930294775
0.9990981427882759
0.9990783830897834
0.9990584141013051
0.9990382359901462
0.9990178489236119
0.9989972530690072
0.9989764485936374
0.9989554356648077
0.9989342144498231
0.9989127851339517
0.998891148004417
0.9988693033676141
0.9988472515284106
0.9988249927916738
0.9988025274622713
0.9987798558450705
0.9987569782449388
0.9987338949667438
0.9987106063153528
0.9986871125956335
0.9986634141124532
0.9986395111706794
0.9986154040751795
0.9985910931308211
0.9985665786424716
0.9985418609149984
0.9985169402532691
0.9984918169621511
0.9984664913465118
0.9984409637112187
0.9984152343611394
0.9983893036011412
0.9983631717360917
0.9983368390708584
0.9983103059103084
0.9982835725593097
0.9982566393227292
0.998229506505435
0.998202174412294
0.998174643348174
0.9981469136179423
0.9981189855264665
0.998090859378614
0.9980625354792522
0.9980340141332487
0.9980052956454708
0.9979763803207861
0.9979472684640621
0.9979179603801661
0.9978884563739657
0.9978587567503284
0.9978288618141216
0.9977987718702127
0.9977684872234692
0.9977380081787587
0.9977073350409484
0.9976764681149061
0.997645407705499
0.9976141541175947
0.9975827076560607
0.9975510686257643
0.9975192373315731
0.9974872140783545
0.997454999170976
0.9974225929143051
0.9973899956132092
0.9973572075725559
0.9973242290972124
0.9972910604920464
0.9972577021069399
0.9972241543807164
0.99719041774353
0.9971564926254621
0.9971223794565943
0.9970880786670082
0.9970535906867853
0.9970189159460072
0.9969840548747555
0.9969490079031118
0.9969137754611576
0.9968783579789744
0.996842755886644
0.9968069696142478
0.9967709995918673
0.9967348462495843
0.9966985100174801
0.9966619913256366
0.9966252906041351
0.9965884082830573
0.9965513447924846
0.9965141005624989
0.9964766760231815
0.996439071604614
0.9964012877368781
0.9963633248500552
0.996325183374227
0.9962868637394751
0.9962483663758809
0.9962096917135261
0.9961708401824922
0.996131812212861
0.9960926082347137
0.9960532286781322
0.9960136739731978
0.9959739445499923
0.9959340408385972
0.9958939632690939
0.9958537122715642
0.9958132882760896
0.9957726917127516
0.9957319230116318
0.995690982602812
0.9956498709163734
0.9956085883823977
0.9955671354309666
0.9955255124921616
0.9954837199960642
0.9954417583727562
0.9953996280523187
0.9953573294648338
0.9953148630403827
0.9952722292090472
0.9952294284009089
0.995186461046049
0.9951433275745495
0.9951000284164917
0.9950565640019573
0.9950129347610279
0.9949691411257875
0.9949251836107014
0.9948810627695339
0.9948367791405894
0.9947923332621723
0.994747725672587
0.9947029569101379
0.9946580275131294
0.9946129380198659
0.9945676889686519
0.9945222808977916
0.9944767143455895
0.9944309898503501
0.9943851079503777
0.9943390691839767
0.9942928740894516
0.9942465232051066
0.9942000170692464
0.9941533562201752
0.9941065411961975
0.9940595725356175
0.9940124507767399
0.9939651764578689
0.993917750117309
0.9938701722933645
0.9938224435243399
0.9937745643485396
0.9937265353042679
0.9936783569298293
0.9936300297635282
0.993581554343669
0.9935329312085561
0.9934841608964939
0.9934352439457869
0.9933861808947392
0.9933369722816555
0.99328761864484
0.9932381205225974
0.9931884784532319
0.9931386929750479
0.9930887646263498
0.9930386939454419
0.9929884814706289
0.992938127740215
0.9928876332925045
0.9928369986658021
0.992786224398412
0.9927353110286387
0.9926842590947865
0.9926330691351598
0.9925817416880631
0.9925302772918009
0.9924786764846774
0.992426939804997
0.9923750677910641
0.9923230609811833
0.9922709199136589
0.9922186451267953
0.9921662371588967
0.9921136965482679
0.9920610238456664
0.9920082197019614
0.9919552847530284
0.9919022196241198
0.9918490249404881
0.9917957013273855
0.9917422494100644
0.9916886698137772
0.9916349631637764
0.9915811300853142
0.9915271712036431
0.9914730871440155
0.9914188785316836
0.9913645459918999
0.9913100901499169
0.9912555116309867
0.991200811060362
0.9911459890632949
0.9910910462650379
0.9910359832908434
0.9909808007659637
0.9909254993156513
0.9908700795651586
0.9908145421397377
0.9907588876646414
0.9907031167651217
0.9906472300664312
0.9905912281938221
0.9905351117725469
0.9904788814278581
0.9904225377850079
0.9903660814692488
0.990309513105833
0.990252833320013
0.9901960427370412
0.99013914198217
0.9900821316806517
0.9900250124577387
0.9899677849386833
0.9899104497487381
0.9898530075131553
0.9897954588571873
0.9897378044060866
0.9896800447851054
0.9896221806194963
0.9895642125345113
0.9895061411554033
0.9894479671074242
0.9893896910158266
0.989331313505863
0.9892728352027855
0.9892142567318467
0.989155578718299
0.9890968017873946
0.9890379265643858
0.9889789536745254
0.9889198837430654
0.9888607173952583
0.9888014552563565
0.9887420979516124
0.988682646139938
0.9886231005616066
0.9885634619073452
0.9885037308646492
0.9884439081210139
0.9883839943639345
0.9883239902809066
0.9882638965594254
0.9882037138869861
0.9881434429510844
0.9880830844392152
0.9880226390388741
0.9879621074375564
0.9879014903227574
0.9878407883819725
0.987780002302697
0.9877191327724262
0.9876581804786554
0.98759714610888
0.9875360303505955
0.9874748338912969
0.9874135574184798
0.9873522016196393
0.987290767182271
0.9872292547938701
0.987167665141932
0.9871059989139519
0.9870442567974252
0.9869824394798474
0.9869205476487136
0.9868585819915192
0.9867965431957597
0.9867344319489302
0.9866722489385261
0.9866099948520429
0.9865476703769758
0.98648527620082
0.9864228130110712
0.9863602814952244
0.986297682340775
0.9862350162352185
0.98617228386605
0.9861094859207651
0.986046623086859
0.985983696051827
0.9859207055031645
0.9858576521283667
0.9857945366149292
0.9857313596503471
0.9856681219221158
0.9856048241177308
0.9855414669246871
0.9854780510304804
0.9854145771226057
0.9853510458885586
0.9852874580158343
0.9852238141919282
0.9851601151043357
0.9850963614405519
0.9850325538880795
0.9849686931981856
0.9849047801429759
0.9848408154450196
0.9847767998268854
0.9847127340111423
0.9846486187203594
0.9845844546771054
0.9845202426039493
0.9844559832234601
0.9843916772582066
0.9843273254307578
0.9842629284636828
0.9841984870795502
0.9841340020009292
0.9840694739503885
0.9840049036504971
0.983940291823824
0.9838756391929382
0.9838109464804085
0.9837462144088037
0.983681443700693
0.9836166350786452
0.9835517892652292
0.983486906983014
0.9834219889545686
0.9833570359024616
0.9832920485492623
0.9832270276175394
0.983161973829862
0.9830968879087989
0.983031770576919
0.9829666225567913
0.9829014445709848
0.9828362373420684
0.9827710015926109
0.9827057380451812
0.9826404474223485
0.9825751304466814
0.9825097878407492
0.9824444203271204
0.9823790286283642
0.9823136134670496
0.9822481755657453
0.9821827156470203
0.9821172344334436
0.982051732647584
0.9819862110120107
0.9819206702492923
0.981855111081998
0.9817895342326964
0.9817239404239568
0.9816583303783479
0.9815927048184386
0.981527064466798
0.981461410045995
0.9813957422785984
0.9813300618871772
0.9812643695943002
0.9811986661225366
0.9811329521989139
0.9810672286293501
0.9810014961728517
0.9809357555585099
0.9808700075154156
0.98080425277266
0.9807384920593342
0.980672726104529
0.9806069556373358
0.9805411813868453
0.980475404082149
0.9804096244523375
0.9803438432265021
0.980278061133734
0.980212278903124
0.9801464972637632
0.9800807169447429
0.9800149386751539
0.9799491631840873
0.9798833912006343
0.9798176234538858
0.9797518606729331
0.9796861035868669
0.9796203529247786
0.9795546094157591
0.9794888737888995
0.9794231467732908
0.9793574290980241
0.9792917214921906
0.9792260246848812
0.9791603394051869
0.9790946663821989
0.9790290063450082
0.978963360022706
0.9788977281443833
0.9788321114391308
0.9787665106360401
0.978700926464202
0.9786353596527076
0.9785698109306481
0.9785042810271143
0.9784387706711973
0.9783732805919884
0.9783078115185784
0.9782423641800585
0.9781769393055197
0.9781115376240532
0.9780461598647499
0.977980806756701
0.9779154790289973
0.9778501774107302
0.9777849026309905
0.9777196554188695
0.9776544365034581
0.9775892466138473
0.9775240864791283
0.9774589568283921
0.9773938583907298
0.9773287918952325
0.9772637580709911
0.977198757663294
0.9771337914749254
0.977068860225036
0.9770039646204268
0.9769391053678987
0.9768742831742527
0.9768094987462898
0.9767447527908106
0.9766800460146164
0.976615379124508
0.9765507528272863
0.9764861678297523
0.9764216248387069
0.976357124560951
0.9762926677032857
0.9762282549725118
0.9761638870754302
0.976099564718842
0.9760352886095479
0.975971059454349
0.9759068779600463
0.9758427448334406
0.9757786607813329
0.9757146265105241
0.9756506427278152
0.9755867101400071
0.9755228294539007
0.9754590013762969
0.9753952266139968
0.9753315058738012
0.9752678398625111
0.9752042292869274
0.9751406748538511
0.9750771772700831
0.9750137372424243
0.9749503554776757
0.9748870326826381
0.9748237695641127
0.9747605668289002
0.9746974251838015
0.9746343453356179
0.97457132799115
0.9745083738571987
0.9744454836405652
0.9743826580480502
0.9743198977864548
0.9742572035625798
0.9741945760832263
0.9741320160551952
0.9740695241852874
0.9740071011803038
0.9739447477470452
0.9738824645923128
0.9738202524229075
0.9737581119456301
0.9736960438672816
0.973634048894663
0.9735721277345751
0.9735102810938191
0.9734485096791956
0.9733868142279976
0.9733251954810711
0.9732636540971042
0.9732021907327358
0.973140806044605
0.9730795006893506
0.9730182753236117
0.9729571306040273
0.9728960671872364
0.972835085729878
0.972774186888591
0.9727133713200146
0.9726526396807876
0.972591992627549
0.972531430816938
0.9724709549055934
0.9724105655501544
0.9723502634072597
0.9722900491335486
0.9722299233856597
0.9721698868202325
0.9721099400939057
0.9720500838633183
0.9719903187851093
0.9719306455159178
0.9718710647123827
0.9718115770311431
0.9717521831288378
0.971692883662106
0.9716336792875867
0.9715745706619188
0.9715155584417413
0.9714566432836932
0.9713978258444134
0.9713391067805411
0.9712804867487153
0.9712219664055748
0.9711635464077586
0.971105227411906
0.9710470100746557
0.9709888950526467
0.9709308830025182
0.970872974580909
0.9708151704444582
0.9707574712498048
0.9706998776535878
0.9706423903124461
0.9705850098830188
0.9705277370219448
0.9704705723858633
0.9704135166314131
0.9703565704152332
0.9702997343939627
0.9702430092242406
0.9701863955627057
0.9701298940659973
0.9700735053907541
0.9700172301936152
0.9699610691312197
0.9699050228616412
0.9698490920839132
0.9697932774188425
0.9697375794470755
0.9696819987492588
0.9696265359060388
0.969571191498062
0.9695159661059752
0.9694608603104247
0.9694058746920571
0.9693510098315189
0.9692962663094566
0.969241644706517
0.9691871456033462
0.9691327695805909
0.9690785172188977
0.9690243890989131
0.9689703858012837
0.9689165079066558
0.9688627559956761
0.9688091306489911
0.9687556324472473
0.9687022619710912
0.9686490198011695
0.9685959065181285
0.9685429227026149
0.968490068935275
0.9684373457967557
0.9683847538677032
0.9683322937287641
0.968279965960585
0.9682277711438123
0.9681757098590927
0.9681237826870727
0.9680719902083987
0.9680203330037173
0.967968811653675
0.9679174267389185
0.967866178840094
0.9678150685378483
0.9677640964128278
0.9677132630456791
0.9676625690170486
0.967612014907583
0.9675616012979288
0.9675113287687324
0.9674611979006403
0.9674112092742992
0.9673613634703556
0.967311661069456
0.9672621026522469
0.9672126887993747
0.9671634200914863
0.9671142971092278
0.9670653204332459
0.9670164906441873
0.9669678083226982
0.9669192740494255
0.9668708884050153
0.9668226519701145
0.9667745653350366
0.9667266290899658
0.9666788437268926
0.9666312097276059
0.9665837275738945
0.9665363977475472
0.9664892207303528
0.9664421970041002
0.9663953270505782
0.9663486113515756
0.9663020503888812
0.9662556446442838
0.9662093945995724
0.9661633007365357
0.9661173635369625
0.9660715834826418
0.9660259610553621
0.9659804967369126
0.9659351910090818
0.9658900443536588
0.9658450572524322
0.9658002301871909
0.9657555636397238
0.9657110580918197
0.9656667140252673
0.9656225319218555
0.9655785122633733
0.9655346555316093
0.9654909622083524
0.9654474327753915
0.9654040677145151
0.9653608675075126
0.9653178326361723
0.9652749635822833
0.9652322608276344
0.9651897248540143
0.9651473561432119
0.9651051551770161
0.9650631224372156
0.9650212584055993
0.964979563563956
0.9649380383940745
0.9648966833777438
0.9648554989967525
0.9648144857328894
0.9647736440679436
0.9647329744837038
0.9646924774619586
0.9646521534844971
0.9646120030331081
0.9645720265895803
0.9645322246357025
0.9644925976532638
0.9644531461240528
0.9644138705298583
0.9643747713524692
0.9643358490736744
0.9642971041752626
0.9642585371390227
0.9642201484467434
0.9641819385926841
0.9641439080041385
0.9641060570453278
0.9640683860802095
0.9640308954727411
0.9639935855868802
0.9639564567865843
0.963919509435811
0.9638827438985176
0.963846160538662
0.9638097597202014
0.9637735418070937
0.9637375071632962
0.9637016561527665
0.9636659891394621
0.9636305064873406
0.9635952085603595
0.9635600957224764
0.9635251683376488
0.9634904267698342
0.9634558713829902
0.9634215025410744
0.9633873206080441
0.9633533259478572
0.963319518924471
0.963285899901843
0.9632524692439309
0.9632192273146922
0.9631861744780844
0.963153311098065
0.9631206375385917
0.9630881541636218
0.9630558613371131
0.963023759423023
0.9629918487853091
0.9629601297879289
0.9629286027948398
0.9628972681699997
0.9628661262773658
0.9628351774808959
0.9628044221445473
0.9627738606322777
0.9627434933080445
0.9627133205358055
0.9626833426795179
0.9626535601031395
0.9626239731706279
0.9625945822459403
0.9625653876930346
0.9625363898758681
0.9625075891583984
0.9624789859045831
0.9624505804783797
0.9624223732437458
0.9623943645646389
0.9623665548050165
0.9623389443288362
0.9623115335000555
0.962284322682632
0.9622573122418436
0.9622305025289356
0.9622038937957081
0.9621774862739549
0.9621512801954701
0.9621252757920475
0.9620994732954814
0.9620738729375655
0.9620484749500938
0.9620232795648604
0.9619982870136592
0.9619734975282842
0.9619489113405294
0.9619245286821887
0.9619003497850561
0.9618763748809257
0.9618526042015912
0.961829037978847
0.9618056764444868
0.9617825198303045
0.9617595683680943
0.96173682228965
0.9617142818267657
0.9616919472112353
0.9616698186748528
0.9616478964494122
0.9616261807667075
0.9616046718585326
0.9615833699566815
0.9615622752929482
0.9615413880991268
0.961520708607011
0.961500237048395
0.9614799736550728
0.9614599186588382
0.9614400722914852
0.961420434784808
0.9614010063706003
0.9613817872806563
0.9613627777467697
0.9613439780007348
0.9613253882743454
0.9613070087993956
0.9612888398076792
0.9612708815309903
0.9612531342011228
0.9612355980498708
0.9612182733090281
0.9612011602103889
0.961184258985747
0.9611675698668964
0.9611510930856312
0.9611348288737452
0.9611187774630326
0.9611029390852872
0.961087313972303
0.961071902355874
0.9610567044677942
0.9610417205398576
0.961026950803858
0.96101239549019
0.9609980547617331
0.9609839287114715
0.9609700174299075
0.9609563210075429
0.9609428395348796
0.9609295731024196
0.9609165218006647
0.9609036857201169
0.9608910649512782
0.9608786595846505
0.9608664697107356
0.9608544954200358
0.9608427368030527
0.9608311939502882
0.9608198669522444
0.9608087558994233
0.9607978608823265
0.9607871819914564
0.9607767193173146
0.9607664729504032
0.9607564429812239
0.9607466295002789
0.96073703259807
0.9607276523650992
0.9607184888918684
0.9607095422688795
0.9607008125866344
0.9606922999356352
0.9606840044063837
0.9606759260893818
0.9606680650751316
0.9606604214541349
0.9606529953168936
0.9606457867539098
0.9606387958556852
0.9606320227127221
0.960625467415522
0.9606191300545871
0.9606130107204193
0.9606071095035205
0.9606014264943926
0.9605959617835376
0.9605907154614574
0.9605856876186538
0.9605808783456291
0.9605762877328848
0.9605719158709233
0.960567762850246
0.9605638287613553
0.9605601136947528
0.9605566177409407
0.9605533409904208
0.960550283533695
0.9605474454612652
0.9605448268636335
0.9605424278313018
0.9605402484547719
0.9605382888245458
0.9605365490311256
0.960535029140157
0.9605337291207194
0.9605326489184591
0.9605317884790222
0.9605311477480547
0.960530726671203
0.9605305251941132
0.9605305432624313
0.9605307808218037
0.9605312378178764
0.9605319141962956
0.9605328099027075
0.9605339248827583
0.9605352590820941
0.9605368124463611
0.9605385849212056
0.9605405764522734
0.960542786985211
0.9605452164656645
0.9605478648392799
0.9605507320517036
0.9605538180485815
0.96055712277556
0.9605606461782853
0.9605643882024033
0.9605683487935605
0.9605725278974027
0.9605769254595763
0.9605815414257274
0.9605863757415022
0.9605914283525469
0.9605966992045075
0.9606021882430303
0.9606078954137616
0.9606138206623472
0.9606199639344336
0.9606263251756668
0.9606329043316931
0.9606397013481585
0.9606467161707092
0.9606539487449914
0.9606613990166514
0.9606690669313351
0.960676952434689
0.9606850554723588
0.9606933759899912
0.9607019139332319
0.9607106692477274
0.9607196418791236
0.960728831773067
0.9607382388752034
0.9607478631311792
0.9607577044866404
0.9607677628872334
0.9607780382786042
0.960788530606399
0.9607992398162639
0.9608101658538452
0.960821308664789
0.9608326681917516
0.9608442443051646
0.9608560368093852
0.9608680455073441
0.960880270201972
0.9608927106961995
0.9609053667929572
0.960918238295176
0.9609313250057864
0.960944626727719
0.9609581432639044
0.9609718744172735
0.9609858199907568
0.960999979787285
0.9610143536097887
0.9610289412611986
0.9610437425444455
0.9610587572624598
0.9610739852181723
0.9610894262145137
0.9611050800544145
0.9611209465408055
0.9611370254766173
0.9611533166647805
0.9611698199082259
0.9611865350098842
0.9612034617726858
0.9612205999995616
0.961237949493442
0.9612555100572578
0.9612732814939399
0.9612912636064186
0.9613094561976246
0.9613278590704888
0.9613464720279417
0.9613652948729139
0.9613843274083361
0.961403569437139
0.9614230207622533
0.9614426811866095
0.9614625505131384
0.9614826285447706
0.9615029150844369
0.9615234099350677
0.9615441128995937
0.9615650237809458
0.9615861423820544
0.9616074685058503
0.9616290019552641
0.9616507425332265
0.9616726900426682
0.9616948442865196
0.9617172050677117
0.961739772189175
0.9617625454538401
0.9617855246646377
0.9618087096244986
0.9618321001363533
0.9618556960031325
0.9618794970277669
0.9619035029925005
0.9619277135811583
0.9619521284606394
0.9619767472986662
0.9620015697629611
0.9620265955212466
0.962051824241245
0.9620772555906788
0.9621028892372703
0.962128724848742
0.9621547620928164
0.9621810006372157
0.9622074401496624
0.962234080297879
0.9622609207495878
0.9622879611725113
0.9623152012343718
0.9623426406028919
0.9623702789457937
0.9623981159307999
0.9624261512256328
0.9624543844980149
0.9624828154156685
0.962511443646316
0.9625402688576798
0.9625692907174825
0.9625985088934464
0.9626279230532938
0.9626575328647473
0.9626873379955292
0.9627173381133619
0.9627475328859679
0.9627779219810695
0.9628085050663892
0.9628392818096494
0.9628702518785724
0.9629014149408808
0.9629327706642969
0.9629643187165431
0.9629960587653419
0.9630279904784156
0.9630601135234866
0.9630924275682775
0.9631249322805105
0.9631576273279082
0.9631905123781929
0.963223587099087
0.9632568511583129
0.9632903042235931
0.9633239459626499
0.9633577760432058
0.9633917941329833
0.9634259998997046
0.9634603930110922
0.9634949731348685
0.9635297399387559
0.963564693090477
0.9635998322577539
0.9636351571083093
0.9636706673098654
0.96370636249055
0.9637422421850104
0.9637783059382813
0.9638145532957848
0.9638509838029429
0.9638875970051777
0.9639243924479112
0.9639613696765653
0.9639985282365622
0.9640358676733237
0.9640733875322721
0.9641110873588293
0.9641489666984173
0.9641870250964583
0.9642252620983739
0.9642636772495866
0.964302270095518
0.9643410401815906
0.964379987053226
0.9644191102558465
0.9644584093348739
0.9644978838357304
0.9645375333038381
0.9645773572846187
0.9646173553234945
0.9646575269658875
0.9646978717572195
0.9647383892429128
0.9647790789683893
0.964819940479071
0.9648609733203801
0.9649021770377384
0.964943551176568
0.964985095282291
0.9650268089003293
0.9650686915761051
0.9651107428550402
0.9651529622825568
0.9651953494040768
0.9652379037650224
0.9652806249108153
0.965323512386878
0.9653665657386321
0.9654097845114998
0.9654531682509032
0.9654967165022642
0.9655404288110048
0.9655843047225472
0.9656283437823132
0.965672545535725
0.9657169095282045
0.9657614353051739
0.965806122412055
0.9658509703942699
0.9658959787972408
0.9659411471663896
0.9659864750471382
0.9660319619849087
0.9660776075251233
0.9661234112131909
0.9661693725334765
0.9662154909037485
0.9662617657651731
0.9663081965589169
0.9663547827261458
0.9664015237080266
0.9664484189457252
0.9664954678804082
0.9665426699532418
0.9665900246053923
0.9666375312780262
0.9666851894123096
0.9667329984494089
0.9667809578304905
0.9668290669967206
0.9668773253892654
0.9669257324492916
0.9669742876179652
0.9670229903364527
0.9670718400459203
0.9671208361875344
0.9671699782024613
0.9672192655318673
0.9672686976169187
0.9673182738987819
0.9673679938186232
0.9674178568176088
0.9674678623369052
0.9675180098176785
0.9675682987010953
0.9676187284283218
0.9676692984405242
0.9677200081788688
0.9677708570845223
0.9678218445986506
0.9678729701624202
0.9679242332169974
0.9679756332035485
0.96802716956324
0.9680788417372379
0.9681306491667087
0.9681825912928187
0.9682346675567343
0.9682868773996216
0.9683392202626472
0.9683916955869772
0.968444302813778
0.968497041384216
0.9685499107394574
0.9686029103206686
0.9686560395690159
0.9687092979256656
0.968762684831784
0.9688161997285375
0.9688698420570923
0.9689236112586148
0.9689775067742713
0.9690315280452282
0.9690856745126517
0.9691399456165847
0.9691943407165804
0.9692488591449034
0.9693035002606456
0.9693582634228988
0.969413147990755
0.9694681533233057
0.9695232787796433
0.9695785237188592
0.9696338875000456
0.9696893694822942
0.9697449690246969
0.9698006854863456
0.969856518226332
0.9699124666037483
0.969968529977686
0.9700247077072373
0.9700809991514938
0.9701374036695475
0.9701939206204903
0.9702505493634138
0.9703072892574103
0.9703641396615713
0.9704210999349888
0.9704781694367548
0.970535347525961
0.9705926335616993
0.9706500269030616
0.9707075269091398
0.9707651329390257
0.970822844351811
0.970880660506588
0.9709385807624481
0.9709966044784835
0.9710547310137859
0.9711129597274474
0.9711712899785595
0.9712297211262143
0.9712882525295036
0.9713468835475193
0.9714056135393533
0.9714644418640974
0.9715233678808435
0.9715823909486834
0.9716415104267091
0.9717007256740124
0.9717600360496851
0.9718194409128191
0.9718789396225065
0.9719385315378388
0.971998216017908
0.9720579924218061
0.9721178601086248
0.9721778184374561
0.9722378667673918
0.9722980044575237
0.9723582308669437
0.9724185453547438
0.9724789472800157
0.9725394360018514
0.9726000108748922
0.9726606711631429
0.9727214161445445
0.9727822451215549
0.9728431573966313
0.9729041522722318
0.9729652290508138
0.9730263870348351
0.9730876255267532
0.973148943829026
0.9732103412441109
0.9732718170744655
0.9733333706225478
0.9733950011908151
0.9734567080817254
0.973518490597736
0.9735803480413047
0.9736422797148891
0.9737042849209471
0.9737663629619361
0.9738285131403137
0.9738907347585378
0.9739530271190658
0.9740153895243556
0.9740778212768647
0.9741403216790507
0.9742028900333715
0.9742655256422844
0.9743282278082473
0.9743909958337178
0.9744538290211535
0.9745167266730121
0.9745796880917513
0.9746427125798287
0.974705799439702
0.9747689479738287
0.9748321574846667
0.9748954272746734
0.9749587566463065
0.9750221449020238
0.9750855913442829
0.9751490952755413
0.9752126559982569
0.9752762728148872
0.9753399450278898
0.9754036719397224
0.9754674528528429
0.9755312870697086
0.9755951738927773
0.9756591126245066
0.9757231025673542
0.9757871430237778
0.9758512332962349
0.9759153726871834
0.9759795604990807
0.9760437960343846
0.9761080785955527
0.9761724074850426
0.976236782005312
0.9763012014588187
0.9763656651379796
0.9764301722475403
0.9764947220421102
0.9765593137952002
0.9766239467803212
0.9766886202709835
0.9767533335406982
0.9768180858629757
0.9768828765113269
0.9769477047592624
0.9770125698802931
0.9770774711479294
0.9771424078356822
0.9772073792170621
0.97727238456558
0.9773374231547463
0.9774024942580719
0.9774675971490676
0.977532731101244
0.9775978953881117
0.9776630892831815
0.9777283120599641
0.9777935629919702
0.9778588413527105
0.9779241464156958
0.9779894774544367
0.9780548337424438
0.9781202145532281
0.9781856191603001
0.9782510468371705
0.97831649685735
0.9783819684943494
0.9784474610216795
0.9785129737128506
0.9785785058413738
0.9786440566807597
0.9787096255045189
0.9787752115861622
0.9788408141992003
0.9789064326171438
0.9789720661135036
0.9790377139617904
0.9791033754355147
0.9791690498081873
0.9792347363533189
0.9793004343444203
0.979366143055002
0.979431861758575
0.9794975897286496
0.979563326238737
0.9796290705623475
0.979694821972992
0.9797605797441812
0.9798263431494256
0.9798921114622362
0.9799578839561236
0.9800236599045984
0.9800894385811714
0.9801552192593532
0.9802210012126548
0.9802867836974044
0.9803525658997069
0.9804183470807469
0.9804841265139251
0.9805499034726425
0.9806156772302996
0.9806814470602974
0.9807472122360366
0.980812972030918
0.9808787257183423
0.9809444725717106
0.9810102118644233
0.9810759428698814
0.9811416648614856
0.9812073771126368
0.9812730788967357
0.9813387694871831
0.9814044481573797
0.9814701141807265
0.9815357668306242
0.9816014053804735
0.9816670291036752
0.9817326372736301
0.9817982291637392
0.9818638040474028
0.9819293611980222
0.981994899888998
0.9820604193937309
0.9821259189856217
0.9821913979380713
0.9822568555244805
0.9823222910182499
0.9823877036927805
0.9824530928214729
0.9825184576777279
0.9825837975349465
0.9826491116665294
0.9827143993458772
0.9827796598463909
0.9828448924414712
0.982910096404519
0.9829752710089348
0.9830404155281197
0.9831055292354743
0.9831706114043994
0.983235661308296
0.9833006782205647
0.9833656614146061
0.9834306101638214
0.9834955237416111
0.9835604014213761
0.9836252424765172
0.9836900461804351
0.9837548118065307
0.9838195386282046
0.9838842259188578
0.9839488729518909
0.9840134790007049
0.9840780433387004
0.9841425652392783
0.9842070439514067
0.9842714786844047
0.9843358687341637
0.9844002134028151
0.984464511992491
0.9845287638053228
0.9845929681434424
0.9846571243089817
0.9847212316040722
0.9847852893308457
0.9848492967914341
0.9849132532879689
0.9849771581225819
0.985041010597405
0.9851048100145698
0.9851685556762082
0.9852322468844518
0.9852958829414322
0.9853594631492815
0.9854229868101311
0.985486453226113
0.9855498616993588
0.9856132115320002
0.9856765020261692
0.9857397324839973
0.9858029022076162
0.9858660104991578
0.9859290566607538
0.985992039994536
0.986054959802636
0.9861178153871856
0.9861806060503167
0.9862433310941607
0.9863059898208496
0.9863685815325152
0.986431105531289
0.9864935611193029
0.9865559475986886
0.9866182642715778
0.9866805104401024
0.9867426854063941
0.9868047884725845
0.9868668189408053
0.9869287761131885
0.9869906592918657
0.9870524677789686
0.9871142008766289
0.9871758578869786
0.9872374381121493
0.9872989408542725
0.9873603654154803
0.9874217110979043
0.9874829772036763
0.9875441630349279
0.9876052678937909
0.9876662910823971
0.9877272319028783
0.987788089657366
0.9878488636479922
0.9879095531768884
0.9879701575166766
0.9880306759402595
0.9880911078040737
0.9881514524666465
0.988211709286505
0.9882718776221768
0.9883319568321891
0.9883919462750691
0.9884518453093442
0.9885116532935416
0.9885713695861886
0.9886309935458127
0.988690524530941
0.9887499619001008
0.9888093050118194
0.9888685532246242
0.9889277058970424
0.9889867623876014
0.9890457220548283
0.9891045842572507
0.9891633483533956
0.9892220137017904
0.9892805796609625
0.989339045589439
0.9893974108457474
0.9894556747884149
0.9895138367759687
0.9895718961669363
0.9896298523198449
0.9896877045932218
0.9897454523455943
0.9898030949354896
0.9898606317214351
0.9899180620619582
0.9899753853155859
0.9900326008408459
0.9900897079962652
0.990146706140371
0.9902035946316909
0.9902603728287521
0.9903170400900818
0.9903735957742074
0.9904300392396561
0.9904863698449552
0.9905425869486322
0.9905986899092142
0.9906546780852284
0.9907105508352024
0.9907663075176634
0.9908219474911385
0.9908774701141552
0.9909328747452406
0.9909881607429223
0.9910433274657273
0.9910983742721831
0.9911533005208168
0.9912081055701559
0.9912627887787276
0.9913173495050592
0.991371787107678
0.9914261009113231
0.9914802902945149
0.9915343546975668
0.9915882935607929
0.9916421063245074
0.9916957924290246
0.9917493513146586
0.9918027824217234
0.9918560851905334
0.9919092590614026
0.9919623034746453
0.9920152178705756
0.9920680016895077
0.9921206543717557
0.9921731753576338
0.9922255640874562
0.9922778200015371
0.9923299425401906
0.9923819311437307
0.9924337852524721
0.9924855043067283
0.9925370877468139
0.992588535013043
0.9926398455457298
0.9926910187851883
0.9927420541717328
0.9927929511456773
0.9928437091473363
0.9928943276170237
0.9929448059950536
0.9929951437217405
0.9930453402373982
0.9930953949823412
0.9931453073968834
0.9931950769213391
0.9932447029960225
0.9932941850612477
0.9933435225573288
0.9933927149245801
0.9934417616033158
0.9934906620338498
0.9935394156564966
0.9935880219115703
0.9936364802393848
0.9936847900802546
0.9937329508744936
0.9937809620624162
0.9938288230843364
0.9938765333805685
0.9939240923914265
0.9939714995572247
0.9940187543182774
0.9940658561148984
0.9941128043874022
0.9941595985761028
0.9942062381213144
0.9942527224633512
0.9942990510425272
0.9943452232991569
0.9943912386722632
0.994437096578556
0.9944827965265415
0.994528338060492
0.99457372072468
0.9946189440633778
0.9946640076208578
0.9947089109413924
0.994753653569254
0.994798235048715
0.9948426549240478
0.9948869127395247
0.994931008039418
0.9949749403680004
0.9950187092695439
0.9950623142883214
0.9951057549686046
0.9951490308546665
0.9951921414907793
0.9952350864212152
0.9952778651902467
0.9953204773421462
0.9953629224211862
0.9954051999716389
0.9954473095377767
0.9954892506638722
0.9955310228941975
0.9955726257730252
0.9956140588446275
0.995655321653277
0.9956964137432459
0.9957373346588066
0.9957780839442317
0.9958186611437934
0.995859065801764
0.9958992974624161
0.995939355670022
0.995979239968854
0.9960189499031846
0.9960584850172862
0.9960978448554311
0.9961370289618916
0.9961760368809404
0.9962148681568496
0.9962535223338916
0.9962919989563389
0.9963302975684639
0.9963684177145389
0.9964063589388363
0.9964441207856286
0.996481702799188
0.996519104523787
0.9965563255036979
0.9965933652831932
0.9966302234065453
0.9966668994180264
0.9967033928619091
0.9967397032824656
0.9967758302239684
0.9968117732306899
0.9968475318435781
0.996883105611408
0.9969184941836378
0.9969536972265511
0.9969887144064322
0.997023545389565
0.997058189842233
0.9970926474307207
0.9971269178213118
0.9971610006802901
0.9971948956739397
0.9972286024685445
0.9972621207303884
0.9972954501257555
0.9973285903209295
0.9973615409821943
0.9973943017758342
0.9974268723681328
0.9974592524253741
0.9974914416138421
0.9975234395998207
0.9975552460495939
0.9975868606294456
0.9976182830056596
0.99764951284452
0.9976805498123107
0.9977113935753156
0.9977420437998186
0.9977725001521037
0.9978027622984549
0.997832829905156
0.997862702638491
0.9978923801647438
0.9979218621501984
0.9979511482611386
0.9979802381638485
0.998009131524612
0.998037828009713
0.9980663272854353
0.9980946290180631
0.9981227328738802
0.9981506385191705
0.998178345620218
0.9982058538433066
0.9982331628547203
0.9982602723207429
0.9982871819076584
0.9983138912817507
0.9983404001093039
0.9983667080566018
0.9983928147899283
0.9984187199755674
0.998444423279803
0.9984699243689191
0.9984952229091996
0.9985203185669284
0.9985452110083894
0.9985698998998667
0.9985943849076441
0.9986186656980055
0.9986427419347391
0.9986666133281892
0.9986902796742704
0.9987137407744978
0.9987369964303867
0.9987600464434523
0.9987828906152096
0.9988055287471742
0.998827960640861
0.9988501860977853
0.9988722049194622
0.9988940169074071
0.998915621863135
0.9989370195881612
0.998958209884001
0.9989791925521694
0.9989999673941816
0.9990205342115531
0.9990408928057989
0.9990610429784341
0.999080984530974
0.9991007172649339
0.9991202409818289
0.9991395554831742
0.9991586605704851
0.9991775560452767
0.9991962417090642
0.9992147173633629
0.9992329828096879
0.9992510378495544
0.9992688822844776
0.999286515915973
0.9993039385455553
0.99932114997474
0.9993381500050423
0.9993549384379774
0.9993715150750604
0.9993878797178066
0.9994040321677311
0.9994199722263493
0.9994356996951762
0.9994512143757271
0.9994665160695172
0.9994816045780617
0.9994964797028757
0.9995111412454746
0.9995255890073733
0.9995398227900875
0.9995538423951319
0.999567647624022
0.9995812382782727
0.9995946141593997
0.9996077750689177
0.9996207208083422
0.9996334511791883
0.9996459659829713
0.9996582650212062
0.9996703480954084
0.9996822150070931
0.9996938655577753
0.9997052995540661
0.999716516883428
0.9997275174896092
0.9997383013172193
0.9997488683108675
0.9997592184151634
0.9997693515747162
0.9997792677341355
0.9997889668380306
0.999798448831011
0.999807713657686
0.999816761262665
0.9998255915905576
0.999834204585973
0.9998426001935208
0.9998507783578102
0.9998587390234508
0.9998664821350519
0.9998740076372229
0.9998813154745733
0.9998884055917124
0.9998952779332497
0.9999019324437947
0.9999083690679564
0.9999145877503447
0.9999205884355689
0.9999263710682381
0.999931935592962
0.99993728195435
0.9999424100970115
0.9999473199655557
0.9999520115045923
0.9999564846587305
0.9999607393725799
0.9999647755907497
0.9999685932578495
0.9999721923184886
0.9999755727172763
0.9999787343988223
0.9999816773077358
0.9999844013886263
0.9999869065861031
0.9999891928447757
0.9999912601092535
0.999993108324146
0.9999947374340624
0.9999961473836123
0.9999973381174051
0.99999830958005
0.9999990617161566
0.9999995944703344
0.9999999077871925
1.0000000016113406
0.9999998758873879
0.999999530559944
0.9999989655736181
0.9999981808730198
0.9999971764027585
0.9999959521074435
0.9999945079316843
0.9999928438429918
0.9999909599058201
0.9999888562100695
0.9999865328456377
0.9999839899024223
0.9999812274703214
0.9999782456392322
0.9999750444990528
0.9999716241396809
0.9999679846510141
0.9999641261229502
0.9999600486453868
0.9999557523082218
0.9999512372013528
0.9999465034146777
0.9999415510380941
0.9999363801614997
0.9999309908747922
0.9999253832678695
0.9999195574306292
0.9999135134529691
0.9999072514247868
0.9999007714359801
0.9998940735764468
0.9998871579360845
0.9998800246047911
0.9998726736724641
0.9998651052290013
0.9998573193643006
0.9998493161682596
0.9998410957307758
0.9998326581417474
0.9998240034910718
0.9998151318686468
0.9998060433643702
0.9997967380681395
0.9997872160698527
0.9997774774594074
0.9997675223267013
0.9997573507616323
0.9997469628540978
0.9997363586939959
0.999725538371224
0.9997145019756801
0.9997032495972618
0.9996917813258668
0.9996800972513928
0.9996681974637377
0.9996560820527991
0.9996437511084747
0.9996312047206622
0.9996184429792595
0.9996054659741642
0.999592273795274
0.9995788665324867
0.9995652442757001
0.9995514071148118
0.9995373551397195
0.999523088440321
0.9995086071068636
0.9994939112813741
0.9994790011906725
0.9994638770663836
0.9994485391401325
0.9994329876435443
0.9994172228082436
0.9994012448658558
0.9993850540480056
0.9993686505863181
0.9993520347124183
0.9993352066579311
0.9993181666544815
0.9993009149336944
0.999283451727195
0.9992657772666081
0.9992478917835589
0.9992297955096721
0.9992114886765727
0.9991929715158858
0.9991742442592364
0.9991553071382495
0.9991361603845499
0.9991168042297628
0.999097238905513
0.9990774646434256
0.9990574816751254
0.9990372902322376
0.9990168905463872
0.998996282849199
0.998975467372298
0.9989544443473093
0.9989332140058577
0.9989117765795683
0.9988901323000662
0.9988682813989762
0.9988462241079232
0.9988239606585325
0.9988014912824288
0.9987788162112372
0.9987559356765826
0.99873284991009
0.9987095591433846
0.998686063608091
0.9986623635358344
0.9986384591582398
0.998614350706932
0.9985900384135362
0.9985655225096773
0.9985408032269802
0.9985158807970701
0.9984907554515717
0.9984654274221101
0.9984398969403103
0.9984141642377973
0.9983882295461961
0.9983620930971315
0.9983357551222286
0.9983092158531125
0.998282475521408
0.9982555343624672
0.9982283926954115
0.9982010508892863
0.9981735093081316
0.9981457683159871
0.9981178282768928
0.9980896895548884
0.9980613525140141
0.9980328175183095
0.9980040849318146
0.9979751551185694
0.9979460284426135
0.9979167052679871
0.9978871859587299
0.9978574708788819
0.9978275603924829
0.9977974548635727
0.9977671546561914
0.9977366601343788
0.9977059716621747
0.9976750896036191
0.9976440143227518
0.9976127461836128
0.997581285550242
0.9975496327866791
0.997517788256964
0.9974857523251368
0.9974535253552373
0.9974211077113053
0.9973884997573809
0.9973557018575036
0.9973227143757136
0.9972895376760508
0.9972561721225549
0.9972226180792658
0.9971888759102236
0.9971549459794681
0.997120828651039
0.9970865242889764
0.9970520332573201
0.99701735592011
0.9969824926413859
0.996947443785188
0.9969122097155558
0.9968767907965294
0.9968411873921487
0.9968053998664534
0.9967694285834836
0.9967332739072791
0.9966969362018797
0.9966604158313255
0.9966237131596561
0.9965868285509117
0.996549762369132
0.9965125149783569
0.9964750867426263
0.9964374780259802
0.9963996891924582
0.9963617206061005
0.9963235726309468
0.9962852456514263
0.996246740154062
0.9962080566240433
0.9961691955433136
0.9961301573938162
0.9960909426574941
0.9960515518162907
0.9960119853521491
0.9959722437470125
0.9959323274828243
0.9958922370415277
0.9958519729050658
0.9958115355553818
0.9957709254744191
0.9957301431441208
0.9956891890464301
0.9956480636632903
0.9956067674766447
0.9955653009684363
0.9955236646206085
0.9954818589151044
0.9954398843338673
0.9953977413588405
0.9953554304719671
0.9953129521551903
0.9952703068904535
0.9952274951596998
0.9951845174448724
0.9951413742279145
0.9950980659907694
0.9950545932153805
0.9950109563836906
0.9949671559776433
0.9949231924791816
0.9948790663702489
0.9948347781327882
0.9947903282487429
0.9947457172000562
0.9947009454686714
0.9946560135365315
0.9946109218855799
0.9945656709977597
0.9945202613550143
0.9944746934392867
0.9944289677325204
0.9943830847166584
0.9943370448736439
0.9942908486854204
0.9942444966339308
0.9941979892011185
0.9941513268689267
0.9941045101192987
0.9940575394341775
0.9940104152955065
0.9939631381852289
0.9939157085852879
0.9938681269776267
0.9938203938441886
0.9937725096669169
0.9937244749277545
0.9936762901652711
0.9936279559873513
0.9935794729748515
0.9935308417086106
0.9934820627694677
0.9934331367382616
0.9933840641958311
0.9933348457230154
0.9932854819006534
0.9932359733095837
0.9931863205306456
0.9931365241446779
0.9930865847325195
0.9930365028750094
0.9929862791529865
0.9929359141472898
0.9928854084387579
0.9928347626082302
0.9927839772365454
0.9927330529045424
0.9926819901930602
0.9926307896829377
0.9925794519550138
0.9925279775901276
0.9924763671691178
0.9924246212728235
0.9923727404820836
0.9923207253777369
0.9922685765406224
0.9922162945515791
0.992163879991446
0.9921113334410617
0.9920586554812656
0.9920058466928962
0.9919529076567927
0.991899838953794
0.9918466411647389
0.9917933148704663
0.9917398606518153
0.9916862790896249
0.9916325707647338
0.991578736257981
0.9915247761502055
0.9914706910222463
0.9914164814549421
0.991362148029132
0.9913076913256549
0.9912531119253496
0.9911984104090552
0.9911435873576107
0.9910886433518548
0.9910335789726266
0.9909783948007649
0.9909230914171088
0.990867669402497
0.9908121293377687
0.9907564718037627
0.9907006973813178
0.9906448066512732
0.9905888001993616
0.9905326787039838
0.9904764428418369
0.990420093269747
0.9903636306445396
0.9903070556230407
0.9902503688620758
0.9901935710184709
0.9901366627490519
0.9900796447106442
0.9900225175600739
0.9899652819541666
0.9899079385497481
0.9898504880036443
0.989792930972681
0.9897352681136837
0.9896775000834784
0.989619627538891
0.989561651136747
0.9895035715338724
0.9894453893870927
0.989387105353234
0.989328720089122
0.9892702342515822
0.9892116484974408
0.9891529634835233
0.9890941798666557
0.9890352983036635
0.9889763194513728
0.988917243966609
0.9888580725061982
0.988798805726966
0.9887394442857382
0.9886799888393407
0.9886204400445993
0.9885607985583396
0.9885010650373874
0.9884412401385686
0.988381324518709
0.9883213188346341
0.98826122374317
0.9882010399011425
0.9881407679653771
0.9880804085926997
0.9880199624399363
0.9879594301639123
0.9878988124214536
0.9878381098693862
0.9877773231645357
0.9877164529637279
0.9876554999237885
0.9875944647015434
0.9875333479538184
0.9874721503374392
0.9874108725092317
0.9873495151260214
0.9872880788446343
0.9872265643218963
0.9871649722146328
0.98710330317967
0.9870415578971897
0.9869797371338286
0.9869178416037165
0.9868558720137611
0.9867938290708695
0.9867317134819491
0.9866695259539071
0.9866072671936509
0.9865449379080877
0.9864825388041248
0.9864200705886697
0.9863575339686295
0.9862949296509116
0.9862322583424232
0.9861695207500717
0.9861067175807644
0.9860438495414086
0.9859809173389115
0.9859179216801806
0.985854863272123
0.985791742821646
0.9857285610356572
0.9856653186210637
0.9856020162847727
0.9855386547336916
0.9854752346747279
0.9854117568147884
0.985348221860781
0.9852846305196126
0.9852209834981906
0.9851572815034224
0.9850935252422152
0.9850297154214763
0.9849658527481131
0.9849019379290328
0.9848379716711427
0.9847739546813503
0.9847098876665626
0.9846457713336871
0.9845816063896311
0.9845173935413019
0.9844531334956067
0.9843888269594528
0.9843244746397477
0.9842600772433985
0.9841956354773126
0.9841311500483974
0.9840666216635598
0.9840020510297076
0.983937438853748
0.983872785842588
0.9838080927031351
0.9837433601422966
0.9836785888669799
0.9836137795840921
0.9835489330005407
0.983484049823233
0.983419130759076
0.9833541765149774
0.9832891877978442
0.9832241653691816
0.983159110016699
0.9830940224696593
0.9830289034571702
0.9829637537083395
0.9828985739522753
0.9828333649180853
0.9827681273348772
0.982702861931759
0.9826375694378385
0.9825722505822237
0.9825069060940222
0.982441536702342
0.9823761431362908
0.9823107261249766
0.9822452863975072
0.9821798246829905
0.9821143417105341
0.9820488382092462
0.9819833149082343
0.9819177725366065
0.9818522118234706
0.9817866334979343
0.9817210382891056
0.9816554269260922
0.9815898001380021
0.981524158653943
0.981458503203023
0.9813928345143496
0.9813271533170308
0.9812614603401746
0.9811957563128886
0.9811300419642807
0.9810643180234588
0.9809985852195308
0.9809328442816044
0.9808670959387875
0.9808013409201881
0.9807355799549138
0.9806698137720726
0.9806040431007723
0.9805382686701207
0.9804724912092256
0.980406711447195
0.9803409301131368
0.9802751479361587
0.9802093656453684
0.980143583969874
0.9800778036387833
0.980012025381204
0.9799462499262441
0.9798804780030114
0.9798147103406136
0.9797489476681589
0.9796831907147547
0.9796174402095092
0.9795516968815301
0.9794859614599253
0.9794202346738025
0.9793545172564755
0.9792888100153739
0.9792231137041749
0.9791574290454303
0.9790917567616926
0.9790260975755137
0.9789604522094457
0.9788948213860409
0.9788292058278514
0.9787636062574292
0.9786980233973265
0.9786324579700955
0.9785669106982883
0.9785013823044569
0.9784358735111537
0.9783703850409307
0.97830491761634
0.9782394719599337
0.978174048794264
0.9781086488418831
0.978043272825343
0.977977921467196
0.977912595489994
0.9778472956162894
0.9777820225686341
0.9777167770695804
0.9776515598416803
0.9775863716074861
0.9775212130895498
0.9774560850104236
0.9773909880926596
0.9773259230588098
0.9772608906314267
0.9771958915330621
0.9771309264862683
0.9770659962135974
0.9770011014376014
0.9769362428808327
0.9768714212658431
0.9768066373151851
0.9767418917514106
0.9766771852970718
0.9766125186747208
0.9765478926069098
0.9764833078161909
0.9764187650251162
0.9763542649562379
0.976289808332108
0.9762253958752788
0.9761610283083024
0.9760967063537308
0.9760324307341164
0.975968202172011
0.975904021389967
0.9758398891105364
0.9757758060562715
0.9757117729497241
0.9756477905134466
0.9755838594699912
0.9755199805419098
0.9754561544702146
0.975392382040352
0.9753286639494544
0.9752650008850205
0.9752013935345488
0.9751378425855378
0.9750743487254859
0.9750109126418919
0.974947535022254
0.9748842165540708
0.9748209579248408
0.9747577598220625
0.9746946229332344
0.974631547945855
0.974568535547423
0.9745055864254366
0.9744427012673945
0.9743798807607952
0.9743171255931371
0.9742544364519187
0.9741918140246386
0.9741292589987953
0.9740667720618873
0.974004353901413
0.9739420052048711
0.97387972665976
0.973817518953578
0.973755382773824
0.9736933188079963
0.9736313277435933
0.9735694102681136
0.9735075670690558
0.9734457988339184
0.9733841062501997
0.9733224900053984
0.9732609507870129
0.9731994892825419
0.9731381061794836
0.9730768021653367
0.9730155779275996
0.9729544341537709
0.9728933715313492
0.9728323907478328
0.9727714924907203
0.9727106774475102
0.9726499463057009
0.9725892997527911
0.9725287384762792
0.9724682631636637
0.9724078745024431
0.972347573180116
0.9722873598841808
0.972227235302136
0.9721672001214802
0.9721072550297117
0.9720474007143293
0.9719876378628313
0.9719279671627162
0.9718683893014827
0.9718089049666291
0.9717495148809716
0.9716902197425342
0.9716310201770457
0.9715719168098661
0.9715129102663556
0.9714540011718741
0.9713951901517816
0.9713364778314381
0.9712778648362037
0.9712193517914385
0.9711609393225024
0.9711026280547554
0.9710444186135577
0.9709863116242692
0.9709283077122499
0.9708704075028599
0.9708126116214592
0.9707549206934077
0.9706973353440657
0.9706398561987929
0.9705824838829495
0.9705252190218956
0.9704680622409911
0.970411014165596
0.9703540754210705
0.9702972466327745
0.970240528426068
0.9701839214263112
0.9701274262588638
0.9700710435490861
0.970014773922338
0.9699586180039795
0.9699025764193708
0.9698466497938718
0.9697908387528426
0.9697351439216431
0.9696795659256333
0.9696241053901733
0.9695687629406232
0.9695135392023431
0.9694584348006927
0.9694034503610323
0.9693485865087218
0.9692938438691213
0.9692392230675907
0.9691847247294902
0.9691303494801797
0.9690760979450194
0.9690219707493689
0.9689679685185888
0.9689140918780387
0.9688603414530788
0.968806717869069
0.9687532217513695
0.9686998537253402
0.9686466144163411
0.9685935044497324
0.968540524450874
0.9684876750451259
0.9684349568612406
0.9683823705592158
0.9683299167062543
0.9682775958409697
0.9682254085019756
0.9681733552278855
0.9681214365573131
0.9680696530288719
0.9680180051811756
0.9679664935528377
0.9679151186824718
0.9678638811086916
0.9678127813701105
0.9677618200053422
0.9677109975530004
0.9676603145516984
0.9676097715400501
0.9675593690566691
0.9675091076401687
0.9674589878291626
0.9674090101622647
0.9673591751780881
0.9673094834152467
0.9672599354123541
0.9672105317080237
0.9671612728408694
0.9671121593495045
0.9670631917725427
0.9670143706485976
0.9669656965162827
0.9669171699142118
0.9668687913809985
0.966820561455256
0.9667724806755983
0.9667245495806388
0.9666767687089912
0.966629138599269
0.9665816597900858
0.9665343328200553
0.966487158227791
0.9664401365519065
0.9663932683310154
0.9663465541037313
0.9662999944086678
0.9662535897844384
0.9662073407696569
0.9661612479029367
0.9661153117228914
0.9660695327681348
0.9660239115772802
0.9659784486889414
0.965933144641732
0.9658879999742654
0.9658430152251555
0.9657981909330156
0.9657535276364594
0.9657090258741005
0.9656646861845524
0.9656205091064289
0.9655764951783434
0.9655326449500987
0.9654889589488506
0.9654454376104932
0.9654020813656838
0.9653588906450797
0.965315865879338
0.9652730074991163