6.411262457078810151e-01
-4.436518686547713530e-01
1.159297439207478186e+00
1.564932596416434230e+00
-3.915584940496142252e+00
-2.468376515925013504e+00
9.715725488260801290e-01
2.879625008264359742e+00
-2.258826950840286507e+00
3.720672286550373631e+00
-1.171557752123970841e+00
-4.515894873128912801e-01
9.718236632135860420e-01
3.113637576318539768e-01
6.881928716730112416e-01
-6.463857165541229133e-01
9.047303965787518720e-01
1.218537321073466018e+00
1.989821132884321900e-02
-5.390815530465882244e-01
3.241376794919228477e+00
1.040777165465882614e+00
-4.121716278717147297e+00
-3.179278254367138512e+00
-1.782068531330404992e+00
-5.916702919174701591e+00
1.403660323173975044e+00
-2.745739515760429850e+00
7.731392903527183336e-01
-1.539070190609273414e+00
-2.439377081707050712e-02
-2.445718998986531889e-02
-2.283996944682509245e-02
-2.483368946787052611e-02
-2.472447267638025123e-02
-2.324501123051279580e-02
-2.312003183926843522e-02
-2.411197312637486725e-02
-2.503526021500105531e-02
-2.348498077785114713e-02
4.218560644594057329e+00
4.217880740355517410e+00
4.218088327055410147e+00
4.217371128178503348e+00
4.216921118590605033e+00
4.217539840117894734e+00
4.218583913705234778e+00
4.216980691845348517e+00
4.217538581002429510e+00
4.217891747361466770e+00
-5.648788884000274790e-02
-5.716727776960395940e-02
-5.612514553635167269e-02
-5.727146436777134225e-02
-5.717312866779625941e-02
-5.675727532364223393e-02
-5.573469488111480741e-02
-5.603324420149806417e-02
-5.726747085811275534e-02
-5.543161805973651629e-02
2.930472579558030324e-02
2.899877218109218890e-02
2.877767234769095309e-02
2.707531691566079576e-02
2.964588415862792758e-02
2.834328027648745293e-02
2.861765085622944640e-02
2.788573673563628577e-02
2.995985056354408260e-02
2.746481612898549196e-02
2.295134845531751733e+00
2.294950636212804262e+00
2.294951323604863092e+00
2.296642685524106220e+00
2.294450858019187578e+00
2.295849054894547159e+00
2.296460082775724665e+00
2.296729799631632041e+00
2.296464413475068245e+00
2.298970332525033911e+00
3.953798766833082290e+00
3.953766367849448571e+00
3.954851343129962338e+00
3.956611307111209008e+00
3.955501807596850217e+00
3.955409477030415566e+00
3.955027615051804890e+00
3.955996369413287805e+00
3.954821253416251015e+00
3.957146018838458623e+00
-1.092348949195950381e+00
9.044013750198582891e-01
-2.699289523197789364e+00
1.748743390473946890e+00
-9.615671938104981831e-02
3.857901067640099879e-01
9.929517597612274038e-01
3.436997403884747837e-01
-3.891056716167878293e-01
4.103845240915566794e-01
-9.185805700241823635e-01
-8.671909556444313827e-01
-1.547719442283664870e+00
-1.118710312531678630e+00
-6.733088905827826487e-01
-9.633514371314828573e-01
-1.815107891077291313e+00
-1.403225995934036296e+00
-6.150907876665617779e-01
-3.571988595854789228e-01
3.346651973972267768e+00
2.280243294309620250e+00
3.490150082357891925e+00
2.924152453522398609e+00
3.727065915693217324e+00
3.147410332255117904e+00
3.626050006213646704e+00
1.234790399959581508e+00
4.050361948658061984e+00
4.847985903033803723e+00
-7.959196641832870789e-01
-8.656169636910759912e-01
-1.316536399222997034e+00
8.572894468389459233e-01
-7.101747671365615799e-01
1.354512443966854107e+00
-6.366724795331627496e-01
2.095395250282741983e+00
-1.396266244638387555e+00
2.678143464675299512e+00
-4.806161807233324534e-01
6.630772341999384700e-01
8.489582238956114302e-02
5.731985815021609643e-01
6.263032290018176740e-01
2.862962430810476189e+00
-1.033691629449001503e+00
5.402178162815227669e-01
4.877227216985164371e-01
-4.061078232762055928e-01
-4.046077485556307529e+00
-3.187381777277518591e+00
-1.103816383977650029e+00
-2.020222572598676880e+00
6.780537495088535538e-01
5.356426761736353404e-02
2.210580662729246804e+00
-3.640909174385776659e+00
-1.678845434033395811e+00
-1.398438462829187934e+00
1.475870720634201716e-01
8.331962489593218446e-02
-1.814707121814730650e-02
-1.626623532998232036e-01
-1.354864745100976542e-01
1.740672621685582233e-01
-1.232855649264722325e-01
-1.814977111926964759e-01
1.115655095638075911e-01
-5.974285979983003786e-02
1.231704110430877241e+00
1.363268397153700295e+00
1.457386222016722632e+00
1.651857448662412242e+00
1.617102797178157303e+00
1.207202648481824347e+00
1.618318984887145096e+00
1.629668822594386501e+00
1.223829612894629548e+00
1.602700991344035319e+00
2.997381199721315337e+00
2.985647732893375483e+00
2.957198050302018544e+00
2.934287466473744832e+00
2.937273516382852723e+00
3.005849214434881400e+00
2.943240477035631741e+00
2.921189915344317711e+00
2.980593546816923567e+00
2.965557423110133151e+00
2.962709869757857439e-01
3.028939242555665490e-01
2.961137847886232688e-01
3.189482384307315566e-01
-1.809475754867308217e-01
-3.625805082785878153e-03
-3.768021968472411859e-02
3.937518206734608867e-02
-1.623442229664439629e-01
-6.741451254186594522e-01
1.793547283339659293e+00
1.738125140781214606e+00
1.583362956331227478e+00
1.704925214000484246e+00
2.215922250902754076e+00
1.564902362442669004e+00
2.650488419425961695e+00
1.554392731561658358e+00
1.795006879530041566e+00
3.839095466000958190e+00
5.545311589269371622e-01
5.312386339294302706e-01
4.647106900506893790e-01
5.095418463017247213e-01
5.968093077044464012e-01
4.469144613727911164e-01
9.096092074434503072e-01
4.395064312053533762e-01
5.118644445006511612e-01
1.328417622802170905e+00
-3.951515219475028040e-01
2.810154821033680750e-01
4.589963913822652231e-01
-3.589439861231172313e-01
-2.316213543122151441e-01
-1.505485736452131240e-01
-2.572623568784898063e-01
-3.197664375989763275e-01
1.019507243358531268e+00
-1.168402280110944352e-01
-1.429549405875709889e+00
-1.050428710595653570e+00
-7.398368478144606852e-01
-2.877580231561728041e+00
-9.608735753283319525e-01
-5.401180687642241907e-01
-1.762604976540830704e+00
-1.664646684108508801e+00
-1.228354033117335709e+00
-2.883568566104099395e-01
3.497606068239635491e+00
2.347982136959949173e+00
4.082485469933475386e+00
6.177893268378096714e+00
5.707583363757494865e+00
3.511523571744252781e+00
7.250845578645684242e+00
4.306458025956899860e+00
2.556166064149890449e+00
5.774128259793924300e+00
