-3.753623096134546273e-03
-3.753623096123015566e-03
-3.773170631964749364e-03
-3.773170631959390803e-03
-3.753623096143662245e-03
4.184355551449754351e+00
4.184355551449757016e+00
4.184358598121652228e+00
4.184358598121652228e+00
4.184355623429724780e+00
2.641345200494721990e+00
2.641345200494720213e+00
2.641346871855083211e+00
2.641346871855085876e+00
2.641345200494722878e+00
-4.607370280585801510e-03
-4.607370280575741849e-03
-4.607370280580257334e-03
-4.606136695922486562e-03
-4.607359588269528683e-03
5.791593232404705027e+00
5.791593232404696145e+00
5.791593232404701475e+00
5.791572778357351403e+00
5.791593232404701475e+00
3.466471427726535381e+00
3.466471427726535381e+00
3.466471427726535826e+00
3.466472127101297485e+00
3.466471485782438133e+00
-4.606704669192111107e-03
-4.606704669190966189e-03
-4.606922520837395188e-03
-4.606697111962561493e-03
-4.606697111892240140e-03
5.791659736092410249e+00
5.791659736092415578e+00
5.791659736092409361e+00
5.791659736092412913e+00
5.791659736092405808e+00
3.466489655395323499e+00
3.466489655395322167e+00
3.466489655395323943e+00
3.466489655395324831e+00
3.466489716644751251e+00
3.775196603678346655e-03
3.775196603675886817e-03
3.775196603676575502e-03
3.698326845243223981e-03
3.783197367288213160e-03
4.297063800830891012e+00
4.297063800830892788e+00
4.297063800830889235e+00
4.296952944029298394e+00
4.297025128085689261e+00
2.679459504663326719e+00
2.679459432683362063e+00
2.679459504663328939e+00
2.679416578485970479e+00
2.679425604002747541e+00
1.000000000000000000e+00
1.000000000000000000e+00
1.000000000000000000e+00
1.000000000000000000e+00
1.000000000000000000e+00
1.000000000000000000e+00
1.000000000000000000e+00
1.000000000000000000e+00
1.000000000000000000e+00
1.000000000000000000e+00
1.000000000000000000e+00
1.000000000000000000e+00
1.000000000000000000e+00
1.000000000000000000e+00
1.000000000000000000e+00
1.000000000000000000e+00
1.000000000000000000e+00
1.000000000000000000e+00
1.000000000000000000e+00
1.000000000000000000e+00
1.000000000000000000e+00
1.000000000000000000e+00
1.000000000000000000e+00
1.000000000000000000e+00
1.000000000000000000e+00
1.000000000000000000e+00
1.000000000000000000e+00
1.000000000000000000e+00
1.000000000000000000e+00
1.000000000000000000e+00
1.000000000000000000e+00
1.000000000000000000e+00
1.000000000000000000e+00
1.000000000000000000e+00
1.000000000000000000e+00
1.000000000000000000e+00
1.000000000000000000e+00
1.000000000000000000e+00
1.000000000000000000e+00
1.000000000000000000e+00
1.000000000000000000e+00
1.000000000000000000e+00
1.000000000000000000e+00
1.000000000000000000e+00
1.000000000000000000e+00
1.000000000000000000e+00
1.000000000000000000e+00
1.000000000000000000e+00
1.000000000000000000e+00
1.000000000000000000e+00
1.000000000000000000e+00
1.000000000000000000e+00
1.000000000000000000e+00
1.000000000000000000e+00
1.000000000000000000e+00
1.000000000000000000e+00
1.000000000000000000e+00
1.000000000000000000e+00
1.000000000000000000e+00
1.000000000000000000e+00
