4.018194786620002290e+00
4.018193578123245402e+00
4.018194590241701114e+00
4.018152376472096776e+00
4.018185110413241112e+00
-4.432446593651484967e+00
-4.432447328514634854e+00
-4.432446234678122821e+00
-4.432441558961297545e+00
-4.432446398526872500e+00
-1.356161726253728261e+01
-1.356162078216443057e+01
-1.356161716475243928e+01
-1.356160708403583115e+01
-1.356161802113832415e+01
-5.019265344224620451e-01
-5.019245863062170576e-01
-5.019243874494716540e-01
-5.019253341851216410e-01
-5.019212564555031175e-01
-8.300895342521503295e+00
-8.300895983063099948e+00
-8.300895342521517506e+00
-8.300895342521476650e+00
-8.300894964242170104e+00
-2.323508620830958193e+01
-2.323508890361651069e+01
-2.323508913618396576e+01
-2.323508762988449305e+01
-2.323508210125845963e+01
-5.020701022585518647e-01
-5.020701022585629669e-01
-5.020700853693438326e-01
-5.021219051434094860e-01
-5.020697263959872370e-01
-8.300854664137428784e+00
-8.300855023110788267e+00
-8.300855023110745634e+00
-8.300836820987482767e+00
-8.300855251025797799e+00
-2.323493909379807931e+01
-2.323493886588301294e+01
-2.323493886588302360e+01
-2.323489297399924425e+01
-2.323493909379804379e+01
-3.105491054283764487e-04
-3.110041870159933820e-04
-3.078071732308390726e-04
-2.793539433912613570e-04
-2.626422296127181588e-04
-9.034489671729352134e-01
-9.034481383343924144e-01
-9.034481252391196593e-01
-9.034297629053559264e-01
-9.034236900974338402e-01
-2.394710841832425885e+00
-2.394712877750981406e+00
-2.394709555664597200e+00
-2.394678032651570643e+00
-2.394668070036444441e+00
-2.323047864345057103e-06
-1.322476313965421882e-06
-2.323047835820862191e-06
1.117754368460442047e-05
-3.260279035118726294e-06
6.530191467089904167e-01
6.530190285508188364e-01
6.530191467089937474e-01
6.530233310740410912e-01
6.530191438137297189e-01
5.198269733722704622e-01
5.198277396164066033e-01
5.198269733722772346e-01
5.198346717774426917e-01
5.198265687231383714e-01
3.809214787823422821e-01
3.809214788029560705e-01
3.809214787358422560e-01
3.808806771762182630e-01
3.809213091981768495e-01
-3.321708634460466936e+00
-3.321708634451522091e+00
-3.321708634451522535e+00
-3.321685528901054951e+00
-3.321708621149525698e+00
-8.167574005209106147e+00
-8.167574005209131016e+00
-8.167574005144649263e+00
-8.167521979384444464e+00
-8.167573982214680228e+00
3.808934794901815413e-01
3.808934797138953665e-01
3.808960311978124014e-01
3.808647748643151365e-01
3.808960311908964891e-01
-3.321650066612949370e+00
-3.321650066612942709e+00
-3.321650070401482857e+00
-3.321634837486399761e+00
-3.321650070401469979e+00
-8.167448484955917465e+00
-8.167448484955908583e+00
-8.167451862701057053e+00
-8.167425586670876925e+00
-8.167451862695241260e+00
-2.419007615236546671e-01
-2.419007841696073635e-01
-2.418999439401988416e-01
-2.419230507704293875e-01
-2.419002046969823683e-01
-2.477411855614962910e+00
-2.477411856600459039e+00
-2.477411909627710074e+00
-2.477410151695905505e+00
-2.477411818041443059e+00
-7.604983559625083878e+00
-7.604983456922100871e+00
-7.604984164404985592e+00
-7.604978146599124855e+00
-7.604983979503264102e+00
