1.000000000000000000e+00
1.006660194742451608e+00
1.012224386716073621e+00
1.016624013673141258e+00
1.019793123521303801e+00
1.021669342001819913e+00
1.022194889488675873e+00
1.021317633382173851e+00
1.018992160067393682e+00
1.015180848035888594e+00
1.009854921623612123e+00
1.002995462996977949e+00
9.945943586171726025e-01
9.846551555181211057e-01
9.731938024216243432e-01
9.602392510439248241e-01
9.458338939619654884e-01
9.300338171247062302e-01
9.129088475136799552e-01
8.945423795562521541e-01
8.750309676360599198e-01
8.544836763750354169e-01
8.330211852166623521e-01
8.107746491492805463e-01
7.878843230932560671e-01
7.644979634513275890e-01
7.407690264914128520e-01
7.168546894831835381e-01
6.929137267076589390e-01
6.691042784347490668e-01
6.455815565105357257e-01
6.224955350656407038e-01
5.999886787609316485e-01
5.781937636110401346e-01
5.572318464448225983e-01
5.372104381695803621e-01
5.182219329524812013e-01
5.003423400626516582e-01
4.836303574083394841e-01
4.681268158960742998e-01
4.538545119546470996e-01
4.408184324067710991e-01
4.290063619924907590e-01
4.183898500196083781e-01
4.089254996552231791e-01
4.005565320724404632e-01
3.932145687208494778e-01
3.868215689245680933e-01
3.812918571363457243e-01
3.765341745552218677e-01
3.724536932711131065e-01
3.689539372385237659e-01
3.659385626422830828e-01
3.633129599338154048e-01
3.609856502819429602e-01
3.588694597178012646e-01
3.568824642586133633e-01
3.549487082862160525e-01
3.529987060885653172e-01
3.509697425443752961e-01
3.488059933751308517e-01
3.464584882520943543e-01
3.438849414647106029e-01
3.410494750280790299e-01
3.379222582621228543e-01
3.344790862556110689e-01
3.307009174678460228e-01
3.265733882314779679e-01
3.220863192831989741e-01
3.172332268122214360e-01
3.120108479919889710e-01
3.064186886282784794e-01
3.004585984676614308e-01
2.941343778908446227e-01
2.874514181730415396e-01
2.804163762212673605e-01
2.730368836788722442e-01
2.653212894970341518e-01
2.572784344839066373e-01
2.489174559262121722e-01
2.402476201071063189e-01
2.312781803919390367e-01
2.220182584957164362e-01
2.124767465618974116e-01
2.026622277527779792e-01
1.925829131621419332e-01
1.822465929979222299e-01
1.716606001363117917e-01
1.608317843107315293e-01
1.497664953629866957e-01
1.384705741452938454e-01
1.269493498169703694e-01
1.152076424262705734e-01
1.032497698045414802e-01
9.107955792574684573e-02
7.870035399914510066e-02
6.611504166655390868e-02
5.332605776850918300e-02
4.033541022630005024e-02
2.714469665994911907e-02
