0.000000000000000000e+00
5.852170548476995880e-03
1.254106055567042778e-02
1.986126730832239728e-02
2.761487308078653530e-02
3.563050896571635928e-02
4.377162821246437935e-02
5.193670820493123674e-02
6.005484414882320682e-02
6.807957512137648159e-02
7.598274137907685966e-02
8.374925814809035252e-02
9.137308116551530468e-02
9.885430801886642416e-02
1.061972188065483658e-01
1.134090269831620479e-01
1.204991292302981659e-01
1.274786788055764231e-01
1.343603438786420412e-01
1.411581445538609703e-01
1.478872884088083262e-01
1.545639455340973578e-01
1.612049220940742489e-01
1.678272081726537857e-01
1.744473925394113556e-01
1.810809547404158837e-01
1.877414635788871577e-01
1.944397297515032264e-01
2.011829774864534459e-01
2.079741131907189844e-01
2.148111757575573710e-01
2.216870509059499228e-01
2.285895191030380968e-01
2.355016829981257942e-01
2.424027873710291048e-01
2.492694057027829424e-01
2.560769274457306288e-01
2.628012444921697388e-01
2.694205095504335068e-01
2.759168271651215587e-01
2.822777418710537001e-01
2.884974068561297900e-01
2.945773475981843248e-01
3.005267736141623569e-01
3.063624323444140707e-01
3.121080371597667602e-01
3.177933324502519863e-01
3.234528802037867079e-01
3.291246635476274829e-01
3.348486040087808036e-01
3.406650824185961657e-01
3.466135406907773220e-01
3.527312255246710659e-01
3.590521176000536219e-01
3.656060727853234216e-01
3.724181865167157657e-01
3.795083795610385557e-01
3.868911931627565526e-01
3.945757740917021916e-01
4.025660251313576410e-01
4.108608937421354135e-01
4.194547706167630619e-01
4.283379702368612651e-01
4.374972669952170712e-01
4.469164626670003582e-01
4.565769637433283457e-01
4.664583501747112670e-01
4.765389202408971681e-01
4.867961994304919049e-01
4.972074042681575712e-01
5.077498548823453639e-01
5.184013326961847135e-01
5.291403819013122956e-01
5.399465553104338955e-01
5.508006067670723205e-01
5.616846335235152754e-01
5.725821728966551394e-01
5.834782581029851478e-01
5.943594384931421004e-01
6.052137694926509326e-01
6.160307774507205458e-01
6.268014043448748573e-01
6.375179369253936024e-01
6.481739244461026672e-01
6.587640886483594471e-01
6.692842291696132762e-01
6.797311270577282016e-01
6.901024486036551053e-01
7.003966512693708957e-01
7.106128930930690757e-01
7.207509466033008572e-01
7.308111179696696880e-01
7.407941718590658198e-01
7.507012622510056410e-01
7.605338692901795206e-01
7.702937421148581265e-01
7.799828474921257637e-01
7.896033240107716011e-01
7.991574415258280162e-01
8.086475655114271355e-01
