8.164624353237501242e-02
4.301219541685060155e-01
1.451671924125477631e+00
-7.429275953233986651e-02
3.813353310692092268e+00
2.386209439523021114e+00
-2.712241650795981673e+00
-2.709479685218829204e+00
1.699589114200441425e-02
1.178843815612049817e-01
5.387947384486164726e-01
-4.800227740911794383e-01
-1.167107933190609792e+00
2.763990661473186616e+00
3.991487527607746166e+00
-7.942903025360047442e-01
-9.677651898360273286e-01
-1.526517490413792810e+00
-7.067280914235023470e-01
4.789800614848063187e-01
-6.019263415750689683e-01
-2.614507911038498333e-01
-3.943672326659534155e-01
-1.119576850011267055e+00
-1.049269508559629749e+00
-7.393508897396916524e-01
1.547587208890869037e-01
-2.159687820192414745e-02
-7.809079645237420042e-01
7.786670990439799045e-01
4.144794035091068807e+00
3.911922169902757762e+00
-5.821563359865555148e-02
2.955151060416725262e+00
-2.975340033583912192e+00
2.391860385810758771e+00
4.209473834537924120e+00
4.120700457448974063e+00
3.441911780874576721e+00
3.705269109955669826e+00
3.608850595710034082e+00
4.509612638292426645e+00
4.506085400382636941e+00
1.951916516616843289e+00
-1.669951032727955642e+00
4.085454399040057416e-02
4.080483434328458642e-02
4.064098072525861027e-02
4.028499313817025806e-02
3.955519633814033598e-02
3.919220457234229987e-02
4.026285079673896927e-02
4.044502228151459350e-02
4.103573862114309745e-02
4.095955140216824691e-02
3.960498128706086557e-02
3.860271824728128687e-02
3.897518179810001426e-02
3.854318754441458245e-02
3.880975592351147696e-02
1.116268680697030558e+00
1.116397803281424350e+00
1.116486627797921738e+00
1.116899650825956547e+00
1.117544473171483643e+00
1.117823905317673283e+00
1.117129363717917157e+00
1.116761860229342540e+00
1.116105303358964296e+00
1.115912323644777882e+00
1.116995464498664825e+00
1.118834082603173741e+00
1.117393407483254775e+00
1.117828931302125905e+00
1.117969420731344421e+00
1.277228142933940491e+00
1.277271559333596151e+00
1.277228083507069512e+00
1.277430722862911816e+00
1.277776811017563574e+00
1.277742759988553134e+00
1.277168483739489435e+00
1.277736387178131539e+00
1.277508302355518932e+00
1.277601811841205359e+00
1.278125042093317232e+00
1.277692600090745589e+00
1.277318551287786708e+00
1.277989853973457324e+00
1.277856731995599127e+00
2.819326771126617892e-01
2.239495487552821129e-01
5.091009381069636630e-01
-2.805259379590164803e-01
-7.166505922123342920e-01
-8.589096903469262134e-01
-3.600878764750579109e-01
8.569147394498682901e-01
2.034690740207876769e-01
3.014802647842208527e-01
4.007604202869274879e-01
1.125744785618782329e+00
1.239218025609829105e-01
3.663450295006308033e-01
4.753068275679516730e-01
5.374612146848009031e-01
5.550733382395265370e-01
-5.619139685320263811e-02
9.302698125850028532e-01
1.326339376367724698e+00
1.486889758694285524e+00
9.960002010924676741e-01
-6.566440072092846747e-02
-2.326163490523811342e-02
5.323661509418222693e-01
-5.003273338765363426e-02
-1.350978668638250779e+00
5.933941569142244798e-01
5.497119291572957200e-01
-5.394841922689066344e-02
3.494552083393683284e-01
4.052933405317262761e-01
-2.748615317068078268e-01
6.969733593659646065e-01
8.524032333485366264e-01
9.012174615954742229e-01
7.278575611659343636e-01
-3.457922663800619412e-01
-1.215106535409867516e-01
3.335330897628276947e-01
-2.052936192728289089e-01
-4.899922010737257083e-01
4.993893756324256361e-01
2.589019876158408229e-01
-2.527504513691767873e-01
1.934971647335722134e+00
-4.962416188394409566e-01
-1.113434124835394501e+00
-7.924452866575025789e-01
2.616845534798838968e-01
-7.950562293239897549e-02
-1.013967636759803614e+00
1.231480978723005881e+00
-3.793192125956262650e+00
1.819159761258199115e+00
2.047594461156882151e+00
2.357324327181360868e+00
-4.832330347451179176e-01
2.185747015489001743e+00
1.053359284750611247e+00
1.046476365285816668e+00
-3.011364801162177418e-01
6.818511367686491687e-01
-1.510244023474423880e+00
1.147940940285737010e+00
-2.031458995240834398e+00
5.267150964948994485e-01
-1.421053015595489466e+00
3.503407763274949543e-02
2.074191521191191434e+00
-2.985605926220341377e+00
5.637612258857583880e-01
2.032488050184355355e-01
-3.160437437399024940e+00
-2.826848121379549328e-01
6.712955692631293880e-01
9.834056189777485857e-01
1.104958423713626736e+00
-1.081871526364370117e+00
7.114353083521681720e-01
1.006411266377237768e+00
1.377944296737564134e+00
1.249075558443849765e+00
4.078462058490424980e+00
-5.672323585448877520e-02
-1.128498249510385021e+00
6.527508367762903108e-01
2.261880708026676512e+00
-1.276579324522826742e+00
8.305453511307645531e-01
2.588035951642104759e-01
2.460870203672385903e-01
-7.545609211574257902e-01
-7.298200041865188226e-01
-5.571666673077667609e-01
1.586407559721732197e+00
7.165089260248745651e-02
-6.466859537527906987e-01
9.348825296732077295e-01
1.886016042152931227e-02
9.796999602929795659e-02
8.648692511071878752e-02
9.656544555049903500e-02
5.134375257479446564e-01
-8.954612294695795116e-01
6.572842858969654700e-02
2.272024649208997243e-02
1.907809540791165936e+00
6.516081980405920016e-01
1.868668190770965687e-01
1.818738229371324344e+00
8.120449201518084581e-02
2.961186873301782096e-01
1.103092156290899073e+00
8.362528530494428569e-02
-4.738285407790851500e-01
-1.182696472264560761e+00
-1.184462652775778224e+00
5.208516348678373653e-01
2.029125831219725118e+00
2.451732714161324544e+00
2.404825084078464847e+00
2.145184187645983620e+00
2.023831322152324308e+00
2.034536165101253236e+00
3.140320302000512598e+00
2.137705526469916517e+00
2.020470707810492428e+00
2.883771268019811096e+00
2.139037179890597162e+00
2.231673900372500796e+00
2.001282293823127834e+00
2.001786938062739996e+00
2.667549436931764273e+00
2.180658621072810721e+00
1.794374280097482330e-02
2.181744001498937477e-02
2.049010964584619884e-02
1.251052463781053038e-02
2.197842112558365951e-02
1.995807278502514243e-02
6.569023401665408622e-03
1.189348935866067596e-02
9.074804664199699264e-03
2.599107962423708590e-02
3.007695816289093771e-02
2.265760000708541902e-02
3.733317392641265220e-02
4.087769043718782191e-02
2.598223011801399293e-02
1.176162755068339338e+00
1.178871946433732942e+00
1.181839052341119967e+00
1.180090863586480854e+00
1.174296169791288369e+00
1.175396423167101467e+00
1.181049384429267990e+00
1.182780323316684035e+00
1.180397958251087509e+00
1.170824838847034810e+00
1.172862954618753895e+00
1.176941317347549365e+00
1.174163202396296679e+00
1.168853573405491453e+00
1.177121140077236783e+00
2.073053513551665894e-01
2.078663419319062289e-01
2.097675765520083113e-01
2.118805338034741026e-01
2.051544125964818166e-01
2.063380575969561426e-01
2.145069100703907161e-01
2.135203127501298093e-01
2.125577135705023213e-01
2.030988288986251000e-01
2.023429249968745902e-01
2.059480402269846799e-01
2.007514282893402557e-01
1.973643934352104778e-01
2.053571331491428897e-01
3.346345377977025248e-01
2.132663042397333619e+00
7.042161602611107796e-01
-6.322200536492563749e-01
-1.001450747008753916e+00
1.122068725677441980e+00
-2.112301001933736710e+00
8.480642472543794552e-01
-7.493558829586094427e-02
1.773824550255237442e+00
-7.251453117120377767e-01
1.482396048346104056e+00
2.317238763943273661e+00
-2.805875364876281086e+00
-9.926442506498867058e-01
3.218300805773773310e-01
9.043439042029527419e-01
-1.019534383606722105e+00
-9.018018303760332310e-01
5.485688786121191152e-01
-7.233295277866556017e-01
1.037255898024089573e+00
2.551857341036105065e-01
2.595683887391153188e+00
-1.927499517361741077e+00
-4.134177831872585807e-01
1.303671536209863868e+00
3.196178750814917979e+00
4.542749276573044837e-01
1.053240889247232470e+00
-2.035320374058148474e+00
-2.204016165360794588e+00
-9.742004617964399316e-01
-4.048604018809279920e-02
-5.805072196269189799e-01
-1.064764871082426678e+00
-9.348891554932577952e-01
-1.049106336568101705e+00
-1.710605042196167380e+00
-1.202501258848198917e+00
-1.857101322856954617e+00
-8.482060322847744249e-01
-5.873902146919960376e-01
-6.938907119039411375e-01
1.395113971783066953e+00
9.200104651269908063e-01
6.341255850940483718e-01
3.049927306525228587e-01
-6.101135286863882401e-01
-8.474196426060582876e-01
-8.771320967224643245e-03
-3.148458160300383391e+00
5.254348840428130218e-01
-1.051199143551206361e-01
-3.078423548255577735e-01
9.660427447386831235e-01
6.519351719527063382e-01
1.456575908678277576e-01
-1.974167352994203872e-01
-1.973421183983898430e+00
7.309869040250422945e-01
3.931579521395911492e-01
2.729494053034491885e-01
-8.628108914171904731e-01
4.629999561262816421e-01
-1.566697427111210794e-01
-2.134224287104423468e+00
3.564889078180873971e-01
1.635843968468735143e+00
2.014840695016157923e+00
6.028471287020010783e-01
-6.172692879832917257e-01
1.691020922334436349e+00
1.373555120115965034e+00
4.164990526375433433e+00
7.804950666897164657e-01
5.536403005499487273e-01
5.105601461613219483e-01
7.025306706788884137e-01
3.231700021494085528e-01
-1.013285437208036432e+00
-1.110738952050161599e+00
5.354365937589828928e-01
-4.137673834463907047e-02
-1.139703705575659254e-01
7.816894004058180245e-01
9.742748946627899365e-01
1.753537863296940336e-01
-4.378687784125380456e-02
2.112968710713098233e-02
