6.165233780203661640e-01
2.714040529970050963e-01
3.096186298055763619e-01
-1.352609547164192128e+00
-6.298674116852225058e-02
1.690613654236724495e+00
-5.742907288440424196e-01
9.662653534917019504e-01
1.331563511361891106e+00
4.509752838815873077e-01
-3.584114176114607364e+00
5.540242555475186848e+00
-1.224677459391992906e-01
-1.311967125315812055e+00
-2.957569279246900162e+00
5.677263703388128746e-02
2.091274594177310320e+00
-8.479034021058403647e-01
-1.751360057956622640e+00
7.180390063484924645e-02
4.410846332591221719e-01
3.304453265099074333e+00
8.770090810729995467e-02
4.097899947279785238e+00
1.070959747644059101e+00
-2.112307753139425870e+00
-2.382443866064507976e+00
-2.540787541479586631e-01
-3.286820799235445456e+00
-1.291511044855569335e+00
4.510885097628247187e-01
1.046094005823729356e+00
-1.385567141777612976e+00
-2.220459803341385818e-01
-3.242934206155302368e-01
2.982450289292786216e+00
1.095760356391112689e+00
1.342696193150545225e+00
-1.246392059794702245e+00
4.805053688940448819e-01
-1.618082999919415954e+00
2.033009505315809928e+00
2.221173710209310981e-01
3.077606336777816143e+00
-3.363217149375732351e+00
-4.137981232340138260e-01
-3.727445647383229033e-01
1.208752879744044301e-01
1.674632628474039264e-01
6.635015628824553202e-01
1.884247200731439253e+00
2.316875469278421473e+00
1.566847654955151325e+00
5.696206478869006773e+00
2.313231661950024609e+00
-3.469988479533183678e+00
-4.135740263251665993e+00
-4.577683564844470254e+00
7.164227591739230627e-01
-4.089560334557939214e+00
-7.844758433493228544e-01
-2.672713655290820389e-01
8.022049454769598631e-01
-9.165633677816421854e-02
3.616193714567098039e-01
3.820622494883474385e+00
3.072632911617380724e+00
3.697573336292838242e+00
2.762377958222494545e+00
2.626400775826964740e+00
-1.567198728463712065e+01
-1.592389975390571522e+01
-1.501302672969995911e+01
-1.158425522254462869e+01
-1.301141295804133513e+01
1.350947930688556516e-02
-1.321164735900630383e-02
9.951570656270121440e-03
1.291638254673683692e-02
-2.460997284564819115e-02
3.376969226559679349e+00
3.388245272478060954e+00
3.379011882861344240e+00
3.373863221838832249e+00
3.397182565359170958e+00
1.161310001660547542e+00
1.187152869893414397e+00
1.164609968004999940e+00
1.163871447635820289e+00
1.195203062662653082e+00
-2.591982796570806331e-03
-4.897772675291332291e-04
7.006730155015563830e-04
-1.758392983781180332e-03
-4.338394071087738751e-05
-2.856829435490104152e-01
-2.893265654104792972e-01
-2.920335959826827477e-01
-2.882959117375594182e-01
-2.913173512486897376e-01
1.073967226149716048e+01
1.073684511955635301e+01
1.073955614476851750e+01
1.074035702623424449e+01
1.073975796307266783e+01
-6.207054077182718732e-01
2.443006982558373619e-01
8.472970955705334539e-01
1.620454417870342140e-02
-4.011662695543715684e-01
1.813436019207401717e+00
2.996997370153518858e+00
3.917816655851006913e-01
5.471414691508893036e+00
1.458105998946033210e+00
-1.800323243592353517e+00
-9.097049405510222897e+00
-7.191212349131930193e-01
-1.180505324816229162e+01
-4.558687097052132486e+00
